0 0.30078125 0.17265625 0.21328125 0.18984375
0 0.965625 0.31171875 0.06484375 0.046875
0 0.9671875 0.28515625 0.06171875 0.06015625
0 0.98359375 0.27109375 0.0296875 0.0515625
0 0.83515625 0.221875 0.06640625 0.03984375
0 0.85 0.19453125 0.05 0.03203125
0 0.87578125 0.1703125 0.053125 0.03203125
0 0.8859375 0.1578125 0.0453125 0.0265625
0 0.896875 0.14296875 0.0484375 0.028125
0 0.90546875 0.13046875 0.05703125 0.03515625
0 0.95859375 0.06484375 0.05 0.028125
0 0.81328125 0.13515625 0.06796875 0.08828125
0 0.84296875 0.0828125 0.08359375 0.04140625
0 0.86015625 0.0703125 0.0765625 0.04296875
0 0.87109375 0.046875 0.08828125 0.046875
0 0.88671875 0.02890625 0.0734375 0.03828125
0 0.9703125 0.053125 0.05703125 0.0296875
0 0.96953125 0.0359375 0.05 0.028125
0 0.978125 0.01171875 0.03984375 0.0234375
0 0.88984375 0.01328125 0.09296875 0.0265625
0 0.6578125 0.0046875 0.0875 0.009375
0 0.65078125 0.0328125 0.103125 0.0515625
0 0.64140625 0.04921875 0.08984375 0.0484375
0 0.6359375 0.07265625 0.0984375 0.05
0 0.634375 0.0921875 0.0953125 0.05
0 0.62265625 0.1171875 0.0953125 0.05
0 0.625 0.1390625 0.11015625 0.0546875
0 0.55703125 0.00546875 0.0734375 0.0109375
0 0.55 0.0125 0.06015625 0.025
0 0.54921875 0.0234375 0.05859375 0.046875
0 0.546875 0.04453125 0.053125 0.04140625
0 0.54296875 0.06328125 0.046875 0.04296875
0 0.54140625 0.08203125 0.04296875 0.03984375
0 0.5375 0.10390625 0.03515625 0.0453125
0 0.6140625 0.15859375 0.08828125 0.0453125
0 0.603125 0.1796875 0.08828125 0.046875
0 0.53359375 0.12265625 0.0265625 0.0515625
0 0.16484375 0.80390625 0.21171875 0.16484375
0 0.86171875 0.696875 0.2734375 0.3