0 0.446875 0.99140625 0.03671875 0.01640625
0 0.4609375 0.87265625 0.0453125 0.03203125
0 0.44609375 0.78984375 0.03828125 0.021875
0 0.35546875 0.84453125 0.028125 0.0203125
0 0.23515625 0.975 0.01484375 0.01015625
0 0.20859375 0.959375 0.0515625 0.03984375
0 0.0640625 0.9546875 0.04140625 0.03828125
0 0.05 0.99609375 0.053125 0.0078125
0 0.07421875 0.7296875 0.0296875 0.021875
0 0.01015625 0.66171875 0.0203125 0.03359375
0 0.028125 0.59765625 0.03203125 0.021875
0 0.178125 0.75703125 0.03984375 0.0265625
0 0.28671875 0.771875 0.05 0.03203125
0 0.3703125 0.7171875 0.0296875 0.0203125
0 0.296875 0.7 0.03203125 0.021875
0 0.2203125 0.6296875 0.03515625 0.021875
0 0.30078125 0.64453125 0.04296875 0.0296875
0 0.29140625 0.57578125 0.0265625 0.0234375
0 0.4 0.5859375 0.03515625 0.0234375
0 0.4203125 0.6578125 0.03359375 0.0265625
0 0.4421875 0.7359375 0.028125 0.0203125
0 0.4234375 0.5375 0.03359375 0.01171875
0 0.13359375 0.54921875 0.03515625 0.0203125
0 0.66796875 0.16953125 0.03828125 0.03828125
0 0.60078125 0.19140625 0.03203125 0.03671875
0 0.615625 0.22265625 0.0265625 0.0265625
0 0.51328125 0.1328125 0.00703125 0.025
0 0.6203125 0.05 0.028125 0.03359375