0 0.109375 0.88828125 0.196875 0.18984375
0 0.484375 0.88515625 0.2484375 0.2296875
0 0.00859375 0.1390625 0.01640625 0.046875
0 0.03984375 0.12265625 0.01640625 0.05
0 0.0546875 0.11640625 0.01328125 0.04296875
0 0.071875 0.11171875 0.01328125 0.046875
0 0.08671875 0.10703125 0.01796875 0.053125
0 0.165625 0.078125 0.01328125 0.0484375
0 0.05234375 0.1921875 0.0765625 0.046875
0 0.11171875 0.18203125 0.01640625 0.08203125
0 0.12890625 0.1703125 0.0203125 0.0734375
0 0.1546875 0.1671875 0.0203125 0.08671875
0 0.1765625 0.15859375 0.01640625 0.071875
0 0.18046875 0.07109375 0.01328125 0.0546875
0 0.196875 0.07734375 0.01328125 0.0484375
0 0.228125 0.0734375 0.01328125 0.046875
0 0.20234375 0.1640625 0.01796875 0.08984375
0 0.24921875 0.16328125 0.01640625 0.0703125
0 0.26015625 0.075 0.01328125 0.04296875
0 0.27734375 0.0703125 0.01328125 0.053125
0 0.2921875 0.07421875 0.01484375 0.053125
0 0.3234375 0.0890625 0.01171875 0.03515625
0 0.27109375 0.16796875 0.0203125 0.08671875
0 0.29453125 0.17109375 0.0265625 0.096875
0 0.31796875 0.18828125 0.0234375 0.096875
0 0.3328125 0.18046875 0.01171875 0.075
0 0.3296875 0.39765625 0.01796875 0.0765625
0 0.31015625 0.4 0.01640625 0.08203125
0 0.290625 0.39921875 0.01640625 0.0796875
0 0.2703125 0.39609375 0.0203125 0.08515625
0 0.2828125 0.4859375 0.01796875 0.0484375
0 0.265625 0.48515625 0.01796875 0.05
0 0.24609375 0.484375 0.01796875 0.0515625
0 0.228125 0.3953125 0.01796875 0.09140625
0 0.22578125 0.48203125 0.021875 0.05703125
0 0.20859375 0.38984375 0.0203125 0.08984375
0 0.1859375 0.3828125 0.0203125 0.08828125
0 0.16328125 0.38203125 0.0203125 0.096875
0 0.14296875 0.38828125 0.0203125 0.08359375
0 0.096875 0.3796875 0.0203125 0.1015625
0 0.07734375 0.3828125 0.0203125 0.08828125
0 0.05390625 0.38046875 0.01796875 0.0984375
0 0.034375 0.37578125 0.0203125 0.09296875
0 0.009375 0.37890625 0.01796875 0.0953125
0 0.20546875 0.4828125 0.01796875 0.0546875
0 0.18515625 0.48359375 0.01640625 0.053125
0 0.16640625 0.47890625 0.0203125 0.06171875
0 0.146875 0.48203125 0.0203125 0.05703125
0 0.12578125 0.48203125 0.01796875 0.05703125
0 0.10703125 0.478125 0.0203125 0.06328125
0 0.0875 0.4828125 0.01796875 0.0546875
0 0.06796875 0.4796875 0.0203125 0.06015625
0 0.04765625 0.47890625 0.01796875 0.06171875
0 0.02734375 0.47890625 0.01796875 0.06171875
0 0.0109375 0.478125 0.01796875 0.06328125
0 0.95859375 0.18046875 0.0796875 0.071875