0 0.553125 0.00859375 0.03671875 0.01640625
0 0.5390625 0.12734375 0.0453125 0.03203125
0 0.55390625 0.21015625 0.03828125 0.021875
0 0.64453125 0.15546875 0.028125 0.0203125
0 0.76484375 0.025 0.01484375 0.01015625
0 0.79140625 0.040625 0.0515625 0.03984375
0 0.9359375 0.0453125 0.04140625 0.03828125
0 0.95 0.00390625 0.053125 0.0078125
0 0.92578125 0.2703125 0.0296875 0.021875
0 0.98984375 0.33828125 0.0203125 0.03359375
0 0.971875 0.40234375 0.03203125 0.021875
0 0.821875 0.24296875 0.03984375 0.0265625
0 0.71328125 0.228125 0.05 0.03203125
0 0.6296875 0.2828125 0.0296875 0.0203125
0 0.703125 0.3 0.03203125 0.021875
0 0.7796875 0.3703125 0.03515625 0.021875
0 0.69921875 0.35546875 0.04296875 0.0296875
0 0.70859375 0.42421875 0.0265625 0.0234375
0 0.6 0.4140625 0.03515625 0.0234375
0 0.5796875 0.3421875 0.03359375 0.0265625
0 0.5578125 0.2640625 0.028125 0.0203125
0 0.5765625 0.4625 0.03359375 0.01171875
0 0.86640625 0.45078125 0.03515625 0.0203125
0 0.33203125 0.83046875 0.03828125 0.03828125
0 0.39921875 0.80859375 0.03203125 0.03671875
0 0.384375 0.77734375 0.0265625 0.0265625
0 0.48671875 0.8671875 0.00703125 0.025
0 0.3796875 0.95 0.028125 0.03359375