0 0.68203125 0.30703125 0.18359375 0.08359375
0 0.0703125 0.53671875 0.0484375 0.0234375
0 0.11484375 0.484375 0.05 0.028125
0 0.29609375 0.49296875 0.0484375 0.025
0 0.20703125 0.66015625 0.046875 0.028125
0 0.10234375 0.63515625 0.06015625 0.0296875
0 0.1390625 0.6921875 0.0453125 0.0265625
0 0.02578125 0.7890625 0.05 0.0296875
0 0.16015625 0.80234375 0.03671875 0.03203125
0 0.01171875 0.884375 0.0203125 0.028125
0 0.09296875 0.8328125 0.03359375 0.0296875
0 0.109375 0.94609375 0.0546875 0.03359375
0 0.17109375 0.8890625 0.03203125 0.03984375
0 0.24140625 0.94140625 0.0203125 0.025
0 0.24921875 0.984375 0.01640625 0.0203125
0 0.2265625 0.8359375 0.0234375 0.0296875
0 0.28984375 0.87734375 0.0203125 0.025
0 0.3109375 0.71171875 0.03359375 0.03359375
0 0.3625 0.6703125 0.04296875 0.021875
0 0.471875 0.7765625 0.03515625 0.0234375
0 0.3671875 0.8515625 0.0203125 0.025
0 0.4765625 0.84609375 0.03828125 0.0234375
0 0.3125 0.93046875 0.0203125 0.0234375
0 0.3859375 0.93671875 0.0203125 0.0234375
0 0.45703125 0.9265625 0.0203125 0.025
0 0.47578125 0.978125 0.028125 0.01484375
0 0.32578125 0.98515625 0.0203125 0.021875
0 0.5546875 0.98671875 0.0515625 0.0234375
0 0.7046875 0.61015625 0.2296875 0.13671875