0 0.7640625 0.88828125 0.13671875 0.08671875
0 0.928125 0.35703125 0.0703125 0.103125
0 0.5609375 0.4625 0.04140625 0.01328125
0 0.28359375 0.42421875 0.0046875 0.003125
0 0.26796875 0.42734375 0.028125 0.01328125
0 0.20078125 0.5109375 0.03515625 0.01328125
0 0.190625 0.45390625 0.01015625 0.003125
0 0.1796875 0.45390625 0.021875 0.00859375
0 0.353125 0.3921875 0.0296875 0.01171875
0 0.553125 0.3328125 0.0453125 0.01171875
0 0.26328125 0.2234375 0.00703125 0.00703125
0 0.36328125 0.2296875 0.03828125 0.00703125
0 0.1671875 0.340625 0.03984375 0.01328125
0 0.2375 0.3015625 0.03671875 0.01171875
0 0.234375 0.25390625 0.03359375 0.01328125
0 0.278125 0.19296875 0.0296875 0.01015625
0 0.2109375 0.1828125 0.0234375 0.00703125
0 0.16484375 0.225 0.01796875 0.00859375
0 0.1046875 0.2796875 0.03828125 0.01640625
0 0.0609375 0.22109375 0.03203125 0.01484375
0 0.53984375 0.1859375 0.00703125 0.00703125
0 0.64296875 0.19296875 0.01328125 0.01328125
0 0.425 0.13984375 0.03671875 0.01171875
0 0.5078125 0.178125 0.06015625 0.0203125
0 0.5046875 0.11328125 0.04140625 0.01328125
0 0.0421875 0.328125 0.03671875 0.01796875
0 0.0046875 0.38359375 0.00703125 0.0046875
0 0.040625 0.15078125 0.01640625 0.01015625
0 0.1828125 0.0796875 0.0265625 0.01015625