0 0.94765625 0.4578125 0.1046875 0.21796875
0 0.03828125 0.42421875 0.0734375 0.2046875
0 0.45390625 0.3140625 0.03828125 0.01171875
0 0.3546875 0.30546875 0.1 0.028125
0 0.3640625 0.2890625 0.0765625 0.03515625
0 0.36015625 0.26796875 0.078125 0.03359375
0 0.44921875 0.28515625 0.046875 0.01796875
0 0.45078125 0.27265625 0.05 0.021875
0 0.44765625 0.25390625 0.0515625 0.021875
0 0.4390625 0.23984375 0.05 0.021875
0 0.43671875 0.22421875 0.0546875 0.0265625
0 0.42421875 0.20859375 0.0453125 0.021875
0 0.35859375 0.24765625 0.06171875 0.025
0 0.33984375 0.21171875 0.0765625 0.03984375
0 0.3265625 0.190625 0.08203125 0.03828125
0 0.3171875 0.171875 0.06796875 0.03671875
0 0.4078125 0.17578125 0.053125 0.025
0 0.4015625 0.1609375 0.0515625 0.0265625
0 0.3859375 0.14609375 0.03828125 0.021875
0 0.5265625 0.11171875 0.0265625 0.03671875
0 0.52578125 0.09140625 0.028125 0.03984375
0 0.51484375 0.06640625 0.05 0.03984375
0 0.5109375 0.0484375 0.05859375 0.03984375
0 0.49765625 0.02109375 0.0484375 0.028125
0 0.3109375 0.15234375 0.0734375 0.03515625
0 0.378125 0.13046875 0.0453125 0.025
0 0.29140625 0.13359375 0.0703125 0.03515625
0 0.3578125 0.09921875 0.0453125 0.0265625
0 0.3359375 0.0671875 0.05 0.0296875
0 0.29453125 0.11171875 0.021875 0.01796875
0 0.26171875 0.09765625 0.053125 0.03671875
0 0.25234375 0.078125 0.053125 0.03359375
0 0.121875 0.2375 0.0515625 0.0234375
0 0.1171875 0.22265625 0.05 0.021875
0 0.11015625 0.20859375 0.0484375 0.021875
0 0.10078125 0.190625 0.05 0.0203125
0 0.096875 0.178125 0.046875 0.021875
0 0.0890625 0.1640625 0.0484375 0.021875
0 0.0890625 0.14765625 0.05 0.021875
0 0.0421875 0.1625 0.025 0.028125
0 0.05390625 0.18828125 0.01796875 0.01640625
0 0.065625 0.23046875 0.0265625 0.03359375
0 0.1296875 0.25546875 0.05859375 0.0265625
0 0.14921875 0.27421875 0.078125 0.028125
0 0.14453125 0.29296875 0.08359375 0.0265625
0 0.14140625 0.309375 0.08359375 0.021875
0 0.05 0.30859375 0.06015625 0.0234375
0 0.04296875 0.31640625 0.0703125 0.00703125