0 0.465625 0.8203125 0.025 0.03671875
0 0.46171875 0.73828125 0.03359375 0.0453125
0 0.528125 0.75546875 0.025 0.028125
0 0.53046875 0.646875 0.0265625 0.03671875
0 0.4625 0.61796875 0.028125 0.03515625
0 0.75234375 0.5234375 0.01796875 0.03359375
0 0.70546875 0.5328125 0.021875 0.03359375
0 0.74765625 0.58671875 0.0203125 0.03203125
0 0.65703125 0.58203125 0.028125 0.03984375
0 0.5875 0.63046875 0.025 0.03203125
0 0.58984375 0.734375 0.025 0.0296875
0 0.70390625 0.80390625 0.021875 0.03515625
0 0.7515625 0.80234375 0.021875 0.0234375
0 0.71953125 0.8875 0.028125 0.03203125
0 0.53515625 0.91640625 0.0234375 0.03671875
0 0.6765625 0.9953125 0.028125 0.009375
0 0.903125 0.9640625 0.0296875 0.03515625
0 0.84453125 0.97734375 0.025 0.04296875
0 0.7328125 0.99609375 0.025 0.0078125
0 0.79140625 0.9 0.025 0.03984375
0 0.83984375 0.7734375 0.025 0.03515625
0 0.93515625 0.703125 0.021875 0.03359375
0 0.89453125 0.71015625 0.021875 0.03515625
0 0.83515625 0.70546875 0.0203125 0.0296875
0 0.840625 0.58359375 0.0234375 0.03671875
0 0.93828125 0.61953125 0.01796875 0.03203125
0 0.88515625 0.515625 0.0234375 0.028125
0 0.38515625 0.896875 0.0703125 0.0703125
0 0.1953125 0.8234375 0.38671875 0.353125
0 0.66796875 0.1578125 0.15703125 0.125
0 0.2109375 0.19765625 0.41796875 0.39140625