0 0.05078125 0.16796875 0.1015625 0.23671875
0 0.46484375 0.5578125 0.028125 0.01796875
0 0.475 0.490625 0.0296875 0.025
0 0.39765625 0.5 0.03359375 0.0296875
0 0.2828125 0.5125 0.01484375 0.01015625
0 0.25703125 0.5203125 0.03828125 0.028125
0 0.1078125 0.47734375 0.04140625 0.01484375
0 0.02734375 0.5390625 0.0296875 0.0203125
0 0.05078125 0.67265625 0.03671875 0.025
0 0.07421875 0.60234375 0.03359375 0.0265625
0 0.10078125 0.525 0.0296875 0.021875
0 0.484375 0.609375 0.028125 0.028125
0 0.3265625 0.575 0.0296875 0.025
0 0.34140625 0.6421875 0.05 0.0265625
0 0.39140625 0.68984375 0.03984375 0.0234375
0 0.44296875 0.6796875 0.0265625 0.021875
0 0.43828125 0.7453125 0.03515625 0.021875
0 0.47578125 0.94296875 0.0265625 0.0203125
0 0.47265625 0.89140625 0.03203125 0.0203125
0 0.4265625 0.8546875 0.0296875 0.0203125
0 0.43828125 0.8109375 0.03203125 0.01484375
0 0.365625 0.8109375 0.03984375 0.0234375
0 0.4234375 0.94609375 0.0265625 0.021875
0 0.428125 0.9890625 0.03359375 0.01796875
0 0.3546875 0.996875 0.03359375 0.003125
0 0.35 0.95546875 0.03203125 0.01640625
0 0.33359375 0.8640625 0.03359375 0.0203125
0 0.31484375 0.81640625 0.03203125 0.0203125
0 0.2859375 0.7640625 0.03515625 0.0203125
0 0.2765625 0.9140625 0.03203125 0.0203125
0 0.25703125 0.87265625 0.025 0.021875
0 0.2359375 0.78203125 0.03203125 0.021875
0 0.1890625 0.88515625 0.03359375 0.01640625
0 0.1765625 0.83828125 0.03203125 0.0203125
0 0.12578125 0.884375 0.0296875 0.01796875
0 0.12421875 0.79296875 0.03984375 0.025
0 0.07109375 0.72734375 0.03203125 0.0234375
0 0.0140625 0.9796875 0.028125 0.0203125
0 0.13515625 0.97734375 0.03515625 0.021875
0 0.665625 0.51171875 0.33203125 0.08359375