0 0.91328125 0.04921875 0.16015625 0.0984375
0 0.28828125 0.6578125 0.2796875 0.328125
0 0.8578125 0.490625 0.0265625 0.01015625
0 0.85 0.56484375 0.021875 0.00859375
0 0.85 0.5828125 0.025 0.00859375
0 0.990625 0.5359375 0.01484375 0.01484375
0 0.9875 0.5828125 0.021875 0.01484375
0 0.9859375 0.6078125 0.025 0.01484375
0 0.98515625 0.65390625 0.0265625 0.01484375
0 0.8484375 0.60703125 0.0234375 0.00859375
0 0.85078125 0.61640625 0.03203125 0.00859375
0 0.8453125 0.63203125 0.021875 0.00859375
0 0.84765625 0.6390625 0.0296875 0.00859375
0 0.81015625 0.628125 0.0296875 0.00859375
0 0.64453125 0.6109375 0.05703125 0.01484375
0 0.56171875 0.59921875 0.078125 0.01640625
0 0.43671875 0.7046875 0.01328125 0.03984375
0 0.46171875 0.6734375 0.06328125 0.01640625
0 0.496875 0.7046875 0.021875 0.03203125
0 0.5625 0.696875 0.01328125 0.00859375
0 0.56484375 0.67734375 0.06484375 0.01796875
0 0.58515625 0.7140625 0.021875 0.03671875
0 0.64921875 0.66640625 0.06328125 0.01484375
0 0.81015625 0.65390625 0.0265625 0.00859375
0 0.84609375 0.65703125 0.0265625 0.00859375
0 0.846875 0.665625 0.03203125 0.01015625
0 0.8109375 0.6609375 0.0234375 0.00859375
0 0.80859375 0.6859375 0.0234375 0.00859375
0 0.840625 0.70546875 0.0265625 0.00859375
0 0.8390625 0.68828125 0.0234375 0.00859375
0 0.80546875 0.70234375 0.0265625 0.00859375
0 0.80546875 0.71171875 0.0265625 0.00859375
0 0.803125 0.7265625 0.0265625 0.00859375
0 0.98203125 0.67734375 0.03359375 0.01484375
0 0.9859375 0.725 0.025 0.01328125
0 0.97890625 0.77109375 0.03828125 0.01484375
0 0.9828125 0.7828125 0.03203125 0.01484375
0 0.9796875 0.80546875 0.03671875 0.01484375
0 0.978125 0.83046875 0.03984375 0.01484375
0 0.8390625 0.7375 0.0265625 0.00859375
0 0.80234375 0.76015625 0.0265625 0.00859375
0 0.80078125 0.775 0.0265625 0.00859375
0 0.78828125 0.784375 0.04296875 0.01171875
0 0.8359375 0.7875 0.0234375 0.00859375
0 0.78515625 0.79765625 0.053125 0.01484375
0 0.78203125 0.82109375 0.05703125 0.01328125
0 0.634375 0.7625 0.06328125 0.01484375
0 0.5828125 0.79453125 0.0203125 0.0515625
0 0.6296875 0.81953125 0.053125 0.01328125
0 0.8484375 0.85078125 0.053125 0.01640625
0 0.97578125 0.853125 0.0453125 0.01640625
0 0.98203125 0.86484375 0.03359375 0.01328125
0 0.97890625 0.87578125 0.03828125 0.01484375
0 0.8421875 0.9 0.053125 0.01328125
0 0.52578125 0.83359375 0.09140625 0.0234375
0 0.775 0.93046875 0.053125 0.01484375
0 0.83671875 0.94765625 0.046875 0.01328125
0 0.975 0.92421875 0.046875 0.01484375
0 0.98046875 0.93671875 0.03515625 0.01171875
0 0.97265625 0.95859375 0.05 0.01328125
0 0.965625 0.98046875 0.06015625 0.01484375
0 0.8375 0.9734375 0.05703125 0.01484375
0 0.76953125 0.96796875 0.05703125 0.01328125
0 0.6109375 0.928125 0.03359375 0.01015625
0 0.60703125 0.9390625 0.0296875 0.00859375
0 0.56796875 0.93515625 0.0265625 0.0484375
0 0.49296875 0.94453125 0.01796875 0.0234375
0 0.4765625 0.94453125 0.01640625 0.021875
0 0.46015625 0.94140625 0.01640625 0.025
0 0.44453125 0.9609375 0.028125 0.01484375
0 0.534375 0.96796875 0.03828125 0.01640625
0 0.62421875 0.95703125 0.06484375 0.0203125
0 0.6828125 0.9765625 0.03984375 0.01015625
0 0.68359375 0.98359375 0.03671875 0.01171875
0 0.721875 0.98359375 0.01484375 0.01796875
0 0.76796875 0.9875 0.01484375 0.01796875
0 0.78203125 0.9890625 0.01171875 0.01640625
0 0.79609375 0.990625 0.01484375 0.01484375
0 0.81015625 0.98984375 0.01328125 0.01484375
0 0.8328125 0.99453125 0.01171875 0.00859375
0 0.8421875 0.98984375 0.01484375 0.01640625
0 0.86640625 0.99140625 0.01640625 0.01328125
0 0.8828125 0.9921875 0.01484375 0.01171875
0 0.909375 0.99453125 0.01484375 0.00859375
0 0.95 0.99609375 0.01640625 0.0046875
0 0.96640625 0.9953125 0.01640625 0.00703125
0 0.65234375 0.525 0.046875 0.01328125
0 0.81171875 0.60390625 0.028125 0.00859375
0 0.8171875 0.5796875 0.0296875 0.01171875
0 0.815625 0.55390625 0.0296875 0.01171875
0 0.8125 0.52578125 0.03984375 0.01328125
0 0.8109375 0.4625 0.05 0.01484375
0 0.821875 0.44140625 0.03671875 0.01328125
0 0.56953125 0.56328125 0.06640625 0.0203125
0 0.57265625 0.54765625 0.08359375 0.01796875