0 0.04609375 0.8015625 0.01640625 0.0703125
0 0.04296875 0.91484375 0.01640625 0.08984375
0 0.103125 0.87109375 0.04140625 0.2515625
0 0.1015625 0.58046875 0.01484375 0.053125
0 0.1375 0.57734375 0.00859375 0.046875
0 0.1734375 0.5640625 0.00703125 0.01484375
0 0.1375 0.6234375 0.01015625 0.046875
0 0.16796875 0.596875 0.01796875 0.06484375
0 0.19765625 0.60234375 0.01328125 0.01015625
0 0.1984375 0.6390625 0.01484375 0.06328125
0 0.196875 0.55703125 0.01328125 0.05
0 0.196875 0.50546875 0.01015625 0.03515625
0 0.19765625 0.4625 0.00859375 0.04140625
0 0.2671875 0.92265625 0.01171875 0.03671875
0 0.353125 0.78359375 0.01171875 0.03671875
0 0.36796875 0.7859375 0.01171875 0.05703125
0 0.91171875 0.38515625 0.1734375 0.11015625