0 0.04609375 0.1984375 0.01640625 0.0703125
0 0.04296875 0.08515625 0.01640625 0.08984375
0 0.103125 0.12890625 0.04140625 0.2515625
0 0.1015625 0.41953125 0.01484375 0.053125
0 0.1375 0.42265625 0.00859375 0.046875
0 0.1734375 0.4359375 0.00703125 0.01484375
0 0.1375 0.3765625 0.01015625 0.046875
0 0.16796875 0.403125 0.01796875 0.06484375
0 0.19765625 0.39765625 0.01328125 0.01015625
0 0.1984375 0.3609375 0.01484375 0.06328125
0 0.196875 0.44296875 0.01328125 0.05
0 0.196875 0.49453125 0.01015625 0.03515625
0 0.19765625 0.5375 0.00859375 0.04140625
0 0.2671875 0.07734375 0.01171875 0.03671875
0 0.353125 0.21640625 0.01171875 0.03671875
0 0.36796875 0.2140625 0.01171875 0.05703125
0 0.91171875 0.61484375 0.1734375 0.11015625