0 0.446875 0.00859375 0.03671875 0.01640625
0 0.4609375 0.12734375 0.0453125 0.03203125
0 0.44609375 0.21015625 0.03828125 0.021875
0 0.35546875 0.15546875 0.028125 0.0203125
0 0.23515625 0.025 0.01484375 0.01015625
0 0.20859375 0.040625 0.0515625 0.03984375
0 0.0640625 0.0453125 0.04140625 0.03828125
0 0.05 0.00390625 0.053125 0.0078125
0 0.07421875 0.2703125 0.0296875 0.021875
0 0.01015625 0.33828125 0.0203125 0.03359375
0 0.028125 0.40234375 0.03203125 0.021875
0 0.178125 0.24296875 0.03984375 0.0265625
0 0.28671875 0.228125 0.05 0.03203125
0 0.3703125 0.2828125 0.0296875 0.0203125
0 0.296875 0.3 0.03203125 0.021875
0 0.2203125 0.3703125 0.03515625 0.021875
0 0.30078125 0.35546875 0.04296875 0.0296875
0 0.29140625 0.42421875 0.0265625 0.0234375
0 0.4 0.4140625 0.03515625 0.0234375
0 0.4203125 0.3421875 0.03359375 0.0265625
0 0.4421875 0.2640625 0.028125 0.0203125
0 0.4234375 0.4625 0.03359375 0.01171875
0 0.13359375 0.45078125 0.03515625 0.0203125
0 0.66796875 0.83046875 0.03828125 0.03828125
0 0.60078125 0.80859375 0.03203125 0.03671875
0 0.615625 0.77734375 0.0265625 0.0265625
0 0.51328125 0.8671875 0.00703125 0.025
0 0.6203125 0.95 0.028125 0.03359375