0 0.2359375 0.88828125 0.13671875 0.08671875
0 0.071875 0.35703125 0.0703125 0.103125
0 0.4390625 0.4625 0.04140625 0.01328125
0 0.71640625 0.42421875 0.0046875 0.003125
0 0.73203125 0.42734375 0.028125 0.01328125
0 0.79921875 0.5109375 0.03515625 0.01328125
0 0.809375 0.45390625 0.01015625 0.003125
0 0.8203125 0.45390625 0.021875 0.00859375
0 0.646875 0.3921875 0.0296875 0.01171875
0 0.446875 0.3328125 0.0453125 0.01171875
0 0.73671875 0.2234375 0.00703125 0.00703125
0 0.63671875 0.2296875 0.03828125 0.00703125
0 0.8328125 0.340625 0.03984375 0.01328125
0 0.7625 0.3015625 0.03671875 0.01171875
0 0.765625 0.25390625 0.03359375 0.01328125
0 0.721875 0.19296875 0.0296875 0.01015625
0 0.7890625 0.1828125 0.0234375 0.00703125
0 0.83515625 0.225 0.01796875 0.00859375
0 0.8953125 0.2796875 0.03828125 0.01640625
0 0.9390625 0.22109375 0.03203125 0.01484375
0 0.46015625 0.1859375 0.00703125 0.00703125
0 0.35703125 0.19296875 0.01328125 0.01328125
0 0.575 0.13984375 0.03671875 0.01171875
0 0.4921875 0.178125 0.06015625 0.0203125
0 0.4953125 0.11328125 0.04140625 0.01328125
0 0.9578125 0.328125 0.03671875 0.01796875
0 0.9953125 0.38359375 0.00703125 0.0046875
0 0.959375 0.15078125 0.01640625 0.01015625
0 0.8171875 0.0796875 0.0265625 0.01015625