0 0.05234375 0.5421875 0.1046875 0.21796875
0 0.96171875 0.57578125 0.0734375 0.2046875
0 0.54609375 0.6859375 0.03828125 0.01171875
0 0.6453125 0.69453125 0.1 0.028125
0 0.6359375 0.7109375 0.0765625 0.03515625
0 0.63984375 0.73203125 0.078125 0.03359375
0 0.55078125 0.71484375 0.046875 0.01796875
0 0.54921875 0.72734375 0.05 0.021875
0 0.55234375 0.74609375 0.0515625 0.021875
0 0.5609375 0.76015625 0.05 0.021875
0 0.56328125 0.77578125 0.0546875 0.0265625
0 0.57578125 0.79140625 0.0453125 0.021875
0 0.64140625 0.75234375 0.06171875 0.025
0 0.66015625 0.78828125 0.0765625 0.03984375
0 0.6734375 0.809375 0.08203125 0.03828125
0 0.6828125 0.828125 0.06796875 0.03671875
0 0.5921875 0.82421875 0.053125 0.025
0 0.5984375 0.8390625 0.0515625 0.0265625
0 0.6140625 0.85390625 0.03828125 0.021875
0 0.4734375 0.88828125 0.0265625 0.03671875
0 0.47421875 0.90859375 0.028125 0.03984375
0 0.48515625 0.93359375 0.05 0.03984375
0 0.4890625 0.9515625 0.05859375 0.03984375
0 0.50234375 0.97890625 0.0484375 0.028125
0 0.6890625 0.84765625 0.0734375 0.03515625
0 0.621875 0.86953125 0.0453125 0.025
0 0.70859375 0.86640625 0.0703125 0.03515625
0 0.6421875 0.90078125 0.0453125 0.0265625
0 0.6640625 0.9328125 0.05 0.0296875
0 0.70546875 0.88828125 0.021875 0.01796875
0 0.73828125 0.90234375 0.053125 0.03671875
0 0.74765625 0.921875 0.053125 0.03359375
0 0.878125 0.7625 0.0515625 0.0234375
0 0.8828125 0.77734375 0.05 0.021875
0 0.88984375 0.79140625 0.0484375 0.021875
0 0.89921875 0.809375 0.05 0.0203125
0 0.903125 0.821875 0.046875 0.021875
0 0.9109375 0.8359375 0.0484375 0.021875
0 0.9109375 0.85234375 0.05 0.021875
0 0.9578125 0.8375 0.025 0.028125
0 0.94609375 0.81171875 0.01796875 0.01640625
0 0.934375 0.76953125 0.0265625 0.03359375
0 0.8703125 0.74453125 0.05859375 0.0265625
0 0.85078125 0.72578125 0.078125 0.028125
0 0.85546875 0.70703125 0.08359375 0.0265625
0 0.85859375 0.690625 0.08359375 0.021875
0 0.95 0.69140625 0.06015625 0.0234375
0 0.95703125 0.68359375 0.0703125 0.00703125