0 0.109375 0.11171875 0.196875 0.18984375
0 0.484375 0.11484375 0.2484375 0.2296875
0 0.00859375 0.8609375 0.01640625 0.046875
0 0.03984375 0.87734375 0.01640625 0.05
0 0.0546875 0.88359375 0.01328125 0.04296875
0 0.071875 0.88828125 0.01328125 0.046875
0 0.08671875 0.89296875 0.01796875 0.053125
0 0.165625 0.921875 0.01328125 0.0484375
0 0.05234375 0.8078125 0.0765625 0.046875
0 0.11171875 0.81796875 0.01640625 0.08203125
0 0.12890625 0.8296875 0.0203125 0.0734375
0 0.1546875 0.8328125 0.0203125 0.08671875
0 0.1765625 0.84140625 0.01640625 0.071875
0 0.18046875 0.92890625 0.01328125 0.0546875
0 0.196875 0.92265625 0.01328125 0.0484375
0 0.228125 0.9265625 0.01328125 0.046875
0 0.20234375 0.8359375 0.01796875 0.08984375
0 0.24921875 0.83671875 0.01640625 0.0703125
0 0.26015625 0.925 0.01328125 0.04296875
0 0.27734375 0.9296875 0.01328125 0.053125
0 0.2921875 0.92578125 0.01484375 0.053125
0 0.3234375 0.9109375 0.01171875 0.03515625
0 0.27109375 0.83203125 0.0203125 0.08671875
0 0.29453125 0.82890625 0.0265625 0.096875
0 0.31796875 0.81171875 0.0234375 0.096875
0 0.3328125 0.81953125 0.01171875 0.075
0 0.3296875 0.60234375 0.01796875 0.0765625
0 0.31015625 0.6 0.01640625 0.08203125
0 0.290625 0.60078125 0.01640625 0.0796875
0 0.2703125 0.60390625 0.0203125 0.08515625
0 0.2828125 0.5140625 0.01796875 0.0484375
0 0.265625 0.51484375 0.01796875 0.05
0 0.24609375 0.515625 0.01796875 0.0515625
0 0.228125 0.6046875 0.01796875 0.09140625
0 0.22578125 0.51796875 0.021875 0.05703125
0 0.20859375 0.61015625 0.0203125 0.08984375
0 0.1859375 0.6171875 0.0203125 0.08828125
0 0.16328125 0.61796875 0.0203125 0.096875
0 0.14296875 0.61171875 0.0203125 0.08359375
0 0.096875 0.6203125 0.0203125 0.1015625
0 0.07734375 0.6171875 0.0203125 0.08828125
0 0.05390625 0.61953125 0.01796875 0.0984375
0 0.034375 0.62421875 0.0203125 0.09296875
0 0.009375 0.62109375 0.01796875 0.0953125
0 0.20546875 0.5171875 0.01796875 0.0546875
0 0.18515625 0.51640625 0.01640625 0.053125
0 0.16640625 0.52109375 0.0203125 0.06171875
0 0.146875 0.51796875 0.0203125 0.05703125
0 0.12578125 0.51796875 0.01796875 0.05703125
0 0.10703125 0.521875 0.0203125 0.06328125
0 0.0875 0.5171875 0.01796875 0.0546875
0 0.06796875 0.5203125 0.0203125 0.06015625
0 0.04765625 0.52109375 0.01796875 0.06171875
0 0.02734375 0.52109375 0.01796875 0.06171875
0 0.0109375 0.521875 0.01796875 0.06328125
0 0.95859375 0.81953125 0.0796875 0.071875