0 0.94921875 0.83203125 0.1015625 0.23671875
0 0.53515625 0.4421875 0.028125 0.01796875
0 0.525 0.509375 0.0296875 0.025
0 0.60234375 0.5 0.03359375 0.0296875
0 0.7171875 0.4875 0.01484375 0.01015625
0 0.74296875 0.4796875 0.03828125 0.028125
0 0.8921875 0.52265625 0.04140625 0.01484375
0 0.97265625 0.4609375 0.0296875 0.0203125
0 0.94921875 0.32734375 0.03671875 0.025
0 0.92578125 0.39765625 0.03359375 0.0265625
0 0.89921875 0.475 0.0296875 0.021875
0 0.515625 0.390625 0.028125 0.028125
0 0.6734375 0.425 0.0296875 0.025
0 0.65859375 0.3578125 0.05 0.0265625
0 0.60859375 0.31015625 0.03984375 0.0234375
0 0.55703125 0.3203125 0.0265625 0.021875
0 0.56171875 0.2546875 0.03515625 0.021875
0 0.52421875 0.05703125 0.0265625 0.0203125
0 0.52734375 0.10859375 0.03203125 0.0203125
0 0.5734375 0.1453125 0.0296875 0.0203125
0 0.56171875 0.1890625 0.03203125 0.01484375
0 0.634375 0.1890625 0.03984375 0.0234375
0 0.5765625 0.05390625 0.0265625 0.021875
0 0.571875 0.0109375 0.03359375 0.01796875
0 0.6453125 0.003125 0.03359375 0.003125
0 0.65 0.04453125 0.03203125 0.01640625
0 0.66640625 0.1359375 0.03359375 0.0203125
0 0.68515625 0.18359375 0.03203125 0.0203125
0 0.7140625 0.2359375 0.03515625 0.0203125
0 0.7234375 0.0859375 0.03203125 0.0203125
0 0.74296875 0.12734375 0.025 0.021875
0 0.7640625 0.21796875 0.03203125 0.021875
0 0.8109375 0.11484375 0.03359375 0.01640625
0 0.8234375 0.16171875 0.03203125 0.0203125
0 0.87421875 0.115625 0.0296875 0.01796875
0 0.87578125 0.20703125 0.03984375 0.025
0 0.92890625 0.27265625 0.03203125 0.0234375
0 0.9859375 0.0203125 0.028125 0.0203125
0 0.86484375 0.02265625 0.03515625 0.021875
0 0.334375 0.48828125 0.33203125 0.08359375