0 0.890625 0.11171875 0.196875 0.18984375
0 0.515625 0.11484375 0.2484375 0.2296875
0 0.99140625 0.8609375 0.01640625 0.046875
0 0.96015625 0.87734375 0.01640625 0.05
0 0.9453125 0.88359375 0.01328125 0.04296875
0 0.928125 0.88828125 0.01328125 0.046875
0 0.91328125 0.89296875 0.01796875 0.053125
0 0.834375 0.921875 0.01328125 0.0484375
0 0.94765625 0.8078125 0.0765625 0.046875
0 0.88828125 0.81796875 0.01640625 0.08203125
0 0.87109375 0.8296875 0.0203125 0.0734375
0 0.8453125 0.8328125 0.0203125 0.08671875
0 0.8234375 0.84140625 0.01640625 0.071875
0 0.81953125 0.92890625 0.01328125 0.0546875
0 0.803125 0.92265625 0.01328125 0.0484375
0 0.771875 0.9265625 0.01328125 0.046875
0 0.79765625 0.8359375 0.01796875 0.08984375
0 0.75078125 0.83671875 0.01640625 0.0703125
0 0.73984375 0.925 0.01328125 0.04296875
0 0.72265625 0.9296875 0.01328125 0.053125
0 0.7078125 0.92578125 0.01484375 0.053125
0 0.6765625 0.9109375 0.01171875 0.03515625
0 0.72890625 0.83203125 0.0203125 0.08671875
0 0.70546875 0.82890625 0.0265625 0.096875
0 0.68203125 0.81171875 0.0234375 0.096875
0 0.6671875 0.81953125 0.01171875 0.075
0 0.6703125 0.60234375 0.01796875 0.0765625
0 0.68984375 0.6 0.01640625 0.08203125
0 0.709375 0.60078125 0.01640625 0.0796875
0 0.7296875 0.60390625 0.0203125 0.08515625
0 0.7171875 0.5140625 0.01796875 0.0484375
0 0.734375 0.51484375 0.01796875 0.05
0 0.75390625 0.515625 0.01796875 0.0515625
0 0.771875 0.6046875 0.01796875 0.09140625
0 0.77421875 0.51796875 0.021875 0.05703125
0 0.79140625 0.61015625 0.0203125 0.08984375
0 0.8140625 0.6171875 0.0203125 0.08828125
0 0.83671875 0.61796875 0.0203125 0.096875
0 0.85703125 0.61171875 0.0203125 0.08359375
0 0.903125 0.6203125 0.0203125 0.1015625
0 0.92265625 0.6171875 0.0203125 0.08828125
0 0.94609375 0.61953125 0.01796875 0.0984375
0 0.965625 0.62421875 0.0203125 0.09296875
0 0.990625 0.62109375 0.01796875 0.0953125
0 0.79453125 0.5171875 0.01796875 0.0546875
0 0.81484375 0.51640625 0.01640625 0.053125
0 0.83359375 0.52109375 0.0203125 0.06171875
0 0.853125 0.51796875 0.0203125 0.05703125
0 0.87421875 0.51796875 0.01796875 0.05703125
0 0.89296875 0.521875 0.0203125 0.06328125
0 0.9125 0.5171875 0.01796875 0.0546875
0 0.93203125 0.5203125 0.0203125 0.06015625
0 0.95234375 0.52109375 0.01796875 0.06171875
0 0.97265625 0.52109375 0.01796875 0.06171875
0 0.9890625 0.521875 0.01796875 0.06328125
0 0.04140625 0.81953125 0.0796875 0.071875