0 0.54140625 0.665625 0.05703125 0.0046875
0 0.5453125 0.63984375 0.046875 0.01796875
0 0.53828125 0.603125 0.01640625 0.01015625
0 0.58984375 0.64921875 0.0484375 0.0203125
0 0.5703125 0.6140625 0.06640625 0.0296875
0 0.58203125 0.58671875 0.01328125 0.01484375
0 0.6171875 0.5921875 0.06484375 0.0265625
0 0.5359375 0.578125 0.0515625 0.021875
0 0.48671875 0.56953125 0.03671875 0.01640625
0 0.45859375 0.5609375 0.01328125 0.01796875
0 0.90859375 0.578125 0.03828125 0.01796875
0 0.97421875 0.6015625 0.0515625 0.0703125
0 0.78828125 0.4671875 0.03828125 0.01796875
0 0.79296875 0.453125 0.05859375 0.021875
0 0.3484375 0.51015625 0.203125 0.23359375
0 0.8875 0.87890625 0.225 0.23828125
0 0.12109375 0.7765625 0.1984375 0.21328125