0 0.08671875 0.04921875 0.16015625 0.0984375
0 0.71171875 0.6578125 0.2796875 0.328125
0 0.1421875 0.490625 0.0265625 0.01015625
0 0.15 0.56484375 0.021875 0.00859375
0 0.15 0.5828125 0.025 0.00859375
0 0.009375 0.5359375 0.01484375 0.01484375
0 0.0125 0.5828125 0.021875 0.01484375
0 0.0140625 0.6078125 0.025 0.01484375
0 0.01484375 0.65390625 0.0265625 0.01484375
0 0.1515625 0.60703125 0.0234375 0.00859375
0 0.14921875 0.61640625 0.03203125 0.00859375
0 0.1546875 0.63203125 0.021875 0.00859375
0 0.15234375 0.6390625 0.0296875 0.00859375
0 0.18984375 0.628125 0.0296875 0.00859375
0 0.35546875 0.6109375 0.05703125 0.01484375
0 0.43828125 0.59921875 0.078125 0.01640625
0 0.56328125 0.7046875 0.01328125 0.03984375
0 0.53828125 0.6734375 0.06328125 0.01640625
0 0.503125 0.7046875 0.021875 0.03203125
0 0.4375 0.696875 0.01328125 0.00859375
0 0.43515625 0.67734375 0.06484375 0.01796875
0 0.41484375 0.7140625 0.021875 0.03671875
0 0.35078125 0.66640625 0.06328125 0.01484375
0 0.18984375 0.65390625 0.0265625 0.00859375
0 0.15390625 0.65703125 0.0265625 0.00859375
0 0.153125 0.665625 0.03203125 0.01015625
0 0.1890625 0.6609375 0.0234375 0.00859375
0 0.19140625 0.6859375 0.0234375 0.00859375
0 0.159375 0.70546875 0.0265625 0.00859375
0 0.1609375 0.68828125 0.0234375 0.00859375
0 0.19453125 0.70234375 0.0265625 0.00859375
0 0.19453125 0.71171875 0.0265625 0.00859375
0 0.196875 0.7265625 0.0265625 0.00859375
0 0.01796875 0.67734375 0.03359375 0.01484375
0 0.0140625 0.725 0.025 0.01328125
0 0.02109375 0.77109375 0.03828125 0.01484375
0 0.0171875 0.7828125 0.03203125 0.01484375
0 0.0203125 0.80546875 0.03671875 0.01484375
0 0.021875 0.83046875 0.03984375 0.01484375
0 0.1609375 0.7375 0.0265625 0.00859375
0 0.19765625 0.76015625 0.0265625 0.00859375
0 0.19921875 0.775 0.0265625 0.00859375
0 0.21171875 0.784375 0.04296875 0.01171875
0 0.1640625 0.7875 0.0234375 0.00859375
0 0.21484375 0.79765625 0.053125 0.01484375
0 0.21796875 0.82109375 0.05703125 0.01328125
0 0.365625 0.7625 0.06328125 0.01484375
0 0.4171875 0.79453125 0.0203125 0.0515625
0 0.3703125 0.81953125 0.053125 0.01328125
0 0.1515625 0.85078125 0.053125 0.01640625
0 0.02421875 0.853125 0.0453125 0.01640625
0 0.01796875 0.86484375 0.03359375 0.01328125
0 0.02109375 0.87578125 0.03828125 0.01484375
0 0.1578125 0.9 0.053125 0.01328125
0 0.47421875 0.83359375 0.09140625 0.0234375
0 0.225 0.93046875 0.053125 0.01484375
0 0.16328125 0.94765625 0.046875 0.01328125
0 0.025 0.92421875 0.046875 0.01484375
0 0.01953125 0.93671875 0.03515625 0.01171875
0 0.02734375 0.95859375 0.05 0.01328125
0 0.034375 0.98046875 0.06015625 0.01484375
0 0.1625 0.9734375 0.05703125 0.01484375
0 0.23046875 0.96796875 0.05703125 0.01328125
0 0.3890625 0.928125 0.03359375 0.01015625
0 0.39296875 0.9390625 0.0296875 0.00859375
0 0.43203125 0.93515625 0.0265625 0.0484375
0 0.50703125 0.94453125 0.01796875 0.0234375
0 0.5234375 0.94453125 0.01640625 0.021875
0 0.53984375 0.94140625 0.01640625 0.025
0 0.55546875 0.9609375 0.028125 0.01484375
0 0.465625 0.96796875 0.03828125 0.01640625
0 0.37578125 0.95703125 0.06484375 0.0203125
0 0.3171875 0.9765625 0.03984375 0.01015625
0 0.31640625 0.98359375 0.03671875 0.01171875
0 0.278125 0.98359375 0.01484375 0.01796875
0 0.23203125 0.9875 0.01484375 0.01796875
0 0.21796875 0.9890625 0.01171875 0.01640625
0 0.20390625 0.990625 0.01484375 0.01484375
0 0.18984375 0.98984375 0.01328125 0.01484375
0 0.1671875 0.99453125 0.01171875 0.00859375
0 0.1578125 0.98984375 0.01484375 0.01640625
0 0.13359375 0.99140625 0.01640625 0.01328125
0 0.1171875 0.9921875 0.01484375 0.01171875
0 0.090625 0.99453125 0.01484375 0.00859375
0 0.05 0.99609375 0.01640625 0.0046875
0 0.03359375 0.9953125 0.01640625 0.00703125
0 0.34765625 0.525 0.046875 0.01328125
0 0.18828125 0.60390625 0.028125 0.00859375
0 0.1828125 0.5796875 0.0296875 0.01171875
0 0.184375 0.55390625 0.0296875 0.01171875
0 0.1875 0.52578125 0.03984375 0.01328125
0 0.1890625 0.4625 0.05 0.01484375
0 0.178125 0.44140625 0.03671875 0.01328125
0 0.43046875 0.56328125 0.06640625 0.0203125
0 0.42734375 0.54765625 0.08359375 0.01796875