0 0.69921875 0.82734375 0.21328125 0.18984375
0 0.034375 0.68828125 0.06484375 0.046875
0 0.0328125 0.71484375 0.06171875 0.06015625
0 0.01640625 0.72890625 0.0296875 0.0515625
0 0.16484375 0.778125 0.06640625 0.03984375
0 0.15 0.80546875 0.05 0.03203125
0 0.12421875 0.8296875 0.053125 0.03203125
0 0.1140625 0.8421875 0.0453125 0.0265625
0 0.103125 0.85703125 0.0484375 0.028125
0 0.09453125 0.86953125 0.05703125 0.03515625
0 0.04140625 0.93515625 0.05 0.028125
0 0.18671875 0.86484375 0.06796875 0.08828125
0 0.15703125 0.9171875 0.08359375 0.04140625
0 0.13984375 0.9296875 0.0765625 0.04296875
0 0.12890625 0.953125 0.08828125 0.046875
0 0.11328125 0.97109375 0.0734375 0.03828125
0 0.0296875 0.946875 0.05703125 0.0296875
0 0.03046875 0.9640625 0.05 0.028125
0 0.021875 0.98828125 0.03984375 0.0234375
0 0.11015625 0.98671875 0.09296875 0.0265625
0 0.3421875 0.9953125 0.0875 0.009375
0 0.34921875 0.9671875 0.103125 0.0515625
0 0.35859375 0.95078125 0.08984375 0.0484375
0 0.3640625 0.92734375 0.0984375 0.05
0 0.365625 0.9078125 0.0953125 0.05
0 0.37734375 0.8828125 0.0953125 0.05
0 0.375 0.8609375 0.11015625 0.0546875
0 0.44296875 0.99453125 0.0734375 0.0109375
0 0.45 0.9875 0.06015625 0.025
0 0.45078125 0.9765625 0.05859375 0.046875
0 0.453125 0.95546875 0.053125 0.04140625
0 0.45703125 0.93671875 0.046875 0.04296875
0 0.45859375 0.91796875 0.04296875 0.03984375
0 0.4625 0.89609375 0.03515625 0.0453125
0 0.3859375 0.84140625 0.08828125 0.0453125
0 0.396875 0.8203125 0.08828125 0.046875
0 0.46640625 0.87734375 0.0265625 0.0515625
0 0.83515625 0.19609375 0.21171875 0.16484375
0 0.13828125 0.303125 0.2734375 0.3