0 0.5984375 0.22109375 0.103125 0.175
0 0.31796875 0.97109375 0.046875 0.01796875
0 0.171875 0.86015625 0.0453125 0.025
0 0.27734375 0.87578125 0.06015625 0.025
0 0.2359375 0.821875 0.0453125 0.021875
0 0.340625 0.71484375 0.0484375 0.025
0 0.2046875 0.7140625 0.03515625 0.028125
0 0.4234375 0.6890625 0.046875 0.01796875
0 0.346875 0.61953125 0.01796875 0.028125
0 0.2703125 0.678125 0.03203125 0.028125
0 0.24453125 0.56640625 0.053125 0.0296875
0 0.1875 0.628125 0.028125 0.03828125
0 0.1125 0.5828125 0.01796875 0.025
0 0.10078125 0.540625 0.01640625 0.01796875
0 0.1359375 0.6859375 0.021875 0.028125
0 0.06953125 0.65 0.01796875 0.025
0 0.06328125 0.8171875 0.03203125 0.03203125
0 0.01953125 0.86328125 0.03828125 0.0203125
0 0.00234375 0.68359375 0.0046875 0.0265625
0 0.0421875 0.59921875 0.01796875 0.0234375
0 0.025 0.54609375 0.01796875 0.021875
0 0.01796875 0.50703125 0.01796875 0.0234375
0 0.07890625 0.35234375 0.0484375 0.0234375
0 0.02578125 0.32890625 0.0515625 0.03203125
0 0.653125 0.54140625 0.36640625 0.2796875