0 0.215625 0.34140625 0.321875 0.23359375
0 0.92578125 0.90859375 0.1484375 0.1796875
0 0.2765625 0.615625 0.0484375 0.021875
0 0.246875 0.55390625 0.0484375 0.0265625
0 0.0703125 0.515625 0.0484375 0.0234375
0 0.1125 0.69921875 0.046875 0.028125
0 0.2203125 0.70234375 0.06015625 0.028125
0 0.16796875 0.7484375 0.0453125 0.025
0 0.5125 0.80078125 0.04140625 0.0234375
0 0.440625 0.8875 0.0515625 0.0234375
0 0.253125 0.871875 0.0484375 0.028125
0 0.1203125 0.84921875 0.03671875 0.0296875
0 0.33046875 0.9109375 0.0484375 0.021875
0 0.2421875 0.96640625 0.0203125 0.028125
0 0.17734375 0.89609375 0.03359375 0.0296875
0 0.13203125 0.990625 0.05703125 0.01484375
0 0.0875 0.9296875 0.03203125 0.03984375
0 0.009375 0.96328125 0.01484375 0.0265625
0 0.046875 0.8640625 0.0234375 0.028125
0 0.00859375 0.72265625 0.01328125 0.03515625