0 0.35 0.72734375 0.35703125 0.3515625
0 0.9046875 0.70703125 0.18671875 0.13984375
0 0.21015625 0.4046875 0.39296875 0.28984375
0 0.76015625 0.0453125 0.03515625 0.01796875
0 0.559375 0.2703125 0.021875 0.0265625
0 0.59453125 0.434375 0.03671875 0.03671875
0 0.64921875 0.47109375 0.0453125 0.025
0 0.74921875 0.3546875 0.03671875 0.025
0 0.63828125 0.28984375 0.021875 0.0265625
0 0.74765625 0.2859375 0.03984375 0.0265625
0 0.95546875 0.37578125 0.04140625 0.021875
0 0.5765625 0.215625 0.021875 0.025
0 0.64921875 0.203125 0.021875 0.025
0 0.72109375 0.2078125 0.021875 0.0265625
0 0.73515625 0.153125 0.028125 0.01640625
0 0.58515625 0.16015625 0.0203125 0.0234375
0 0.584375 0.1203125 0.021875 0.025
0 0.62578125 0.06484375 0.05 0.03203125
0 0.68671875 0.1125 0.046875 0.03203125
0 0.78515625 0.096875 0.0484375 0.025
0 0.81328125 0.1390625 0.0515625 0.0265625
0 0.87265625 0.0984375 0.03828125 0.0203125
0 0.8546875 0.07578125 0.025 0.01171875
0 0.84921875 0.0671875 0.0265625 0.01171875
0 0.8515625 0.059375 0.04140625 0.01796875
0 0.83046875 0.03671875 0.025 0.01328125
0 0.8203125 0.02265625 0.0234375 0.01171875
0 0.8171875 0.01328125 0.03203125 0.01484375
0 0.7453125 0.03515625 0.0515625 0.025
0 0.73671875 0.0203125 0.053125 0.028125
0 0.71171875 0.0109375 0.06015625 0.01796875