0 0.35 0.27265625 0.35703125 0.3515625
0 0.9046875 0.29296875 0.18671875 0.13984375
0 0.21015625 0.5953125 0.39296875 0.28984375
0 0.76015625 0.9546875 0.03515625 0.01796875
0 0.559375 0.7296875 0.021875 0.0265625
0 0.59453125 0.565625 0.03671875 0.03671875
0 0.64921875 0.52890625 0.0453125 0.025
0 0.74921875 0.6453125 0.03671875 0.025
0 0.63828125 0.71015625 0.021875 0.0265625
0 0.74765625 0.7140625 0.03984375 0.0265625
0 0.95546875 0.62421875 0.04140625 0.021875
0 0.5765625 0.784375 0.021875 0.025
0 0.64921875 0.796875 0.021875 0.025
0 0.72109375 0.7921875 0.021875 0.0265625
0 0.73515625 0.846875 0.028125 0.01640625
0 0.58515625 0.83984375 0.0203125 0.0234375
0 0.584375 0.8796875 0.021875 0.025
0 0.62578125 0.93515625 0.05 0.03203125
0 0.68671875 0.8875 0.046875 0.03203125
0 0.78515625 0.903125 0.0484375 0.025
0 0.81328125 0.8609375 0.0515625 0.0265625
0 0.87265625 0.9015625 0.03828125 0.0203125
0 0.8546875 0.92421875 0.025 0.01171875
0 0.84921875 0.9328125 0.0265625 0.01171875
0 0.8515625 0.940625 0.04140625 0.01796875
0 0.83046875 0.96328125 0.025 0.01328125
0 0.8203125 0.97734375 0.0234375 0.01171875
0 0.8171875 0.98671875 0.03203125 0.01484375
0 0.7453125 0.96484375 0.0515625 0.025
0 0.73671875 0.9796875 0.053125 0.028125
0 0.71171875 0.9890625 0.06015625 0.01796875