0 0.178125 0.79453125 0.03515625 0.03515625
0 0.24921875 0.7859375 0.028125 0.03515625
0 0.240625 0.75234375 0.025 0.025
0 0.384375 0.7265625 0.03203125 0.03984375
0 0.40859375 0.76640625 0.028125 0.03203125
0 0.334375 0.903125 0.021875 0.03203125
0 0.334375 0.8640625 0.025 0.021875
0 0.3578125 0.86640625 0.0203125 0.021875
0 0.41953125 0.89765625 0.028125 0.0296875
0 0.43046875 0.8578125 0.025 0.03203125
0 0.47578125 0.85234375 0.0265625 0.03359375
0 0.2015625 0.92109375 0.025 0.03203125
0 0.19296875 0.9953125 0.0203125 0.009375
0 0.36171875 0.9859375 0.021875 0.025
0 0.378125 0.98203125 0.01796875 0.025
0 0.41796875 0.9796875 0.0203125 0.025
0 0.44296875 0.975 0.021875 0.0265625
0 0.4609375 0.97421875 0.01796875 0.01796875
0 0.51484375 0.9640625 0.00703125 0.03203125
0 0.74296875 0.78984375 0.06171875 0.10703125
0 0.1328125 0.1921875 0.10703125 0.16015625
0 0.5640625 0.303125 0.08828125 0.25