0 0.5984375 0.77890625 0.103125 0.175
0 0.31796875 0.02890625 0.046875 0.01796875
0 0.171875 0.13984375 0.0453125 0.025
0 0.27734375 0.12421875 0.06015625 0.025
0 0.2359375 0.178125 0.0453125 0.021875
0 0.340625 0.28515625 0.0484375 0.025
0 0.2046875 0.2859375 0.03515625 0.028125
0 0.4234375 0.3109375 0.046875 0.01796875
0 0.346875 0.38046875 0.01796875 0.028125
0 0.2703125 0.321875 0.03203125 0.028125
0 0.24453125 0.43359375 0.053125 0.0296875
0 0.1875 0.371875 0.028125 0.03828125
0 0.1125 0.4171875 0.01796875 0.025
0 0.10078125 0.459375 0.01640625 0.01796875
0 0.1359375 0.3140625 0.021875 0.028125
0 0.06953125 0.35 0.01796875 0.025
0 0.06328125 0.1828125 0.03203125 0.03203125
0 0.01953125 0.13671875 0.03828125 0.0203125
0 0.00234375 0.31640625 0.0046875 0.0265625
0 0.0421875 0.40078125 0.01796875 0.0234375
0 0.025 0.45390625 0.01796875 0.021875
0 0.01796875 0.49296875 0.01796875 0.0234375
0 0.07890625 0.64765625 0.0484375 0.0234375
0 0.02578125 0.67109375 0.0515625 0.03203125
0 0.653125 0.45859375 0.36640625 0.2796875