0 0.08671875 0.95078125 0.16015625 0.0984375
0 0.71171875 0.3421875 0.2796875 0.328125
0 0.1421875 0.509375 0.0265625 0.01015625
0 0.15 0.43515625 0.021875 0.00859375
0 0.15 0.4171875 0.025 0.00859375
0 0.009375 0.4640625 0.01484375 0.01484375
0 0.0125 0.4171875 0.021875 0.01484375
0 0.0140625 0.3921875 0.025 0.01484375
0 0.01484375 0.34609375 0.0265625 0.01484375
0 0.1515625 0.39296875 0.0234375 0.00859375
0 0.14921875 0.38359375 0.03203125 0.00859375
0 0.1546875 0.36796875 0.021875 0.00859375
0 0.15234375 0.3609375 0.0296875 0.00859375
0 0.18984375 0.371875 0.0296875 0.00859375
0 0.35546875 0.3890625 0.05703125 0.01484375
0 0.43828125 0.40078125 0.078125 0.01640625
0 0.56328125 0.2953125 0.01328125 0.03984375
0 0.53828125 0.3265625 0.06328125 0.01640625
0 0.503125 0.2953125 0.021875 0.03203125
0 0.4375 0.303125 0.01328125 0.00859375
0 0.43515625 0.32265625 0.06484375 0.01796875
0 0.41484375 0.2859375 0.021875 0.03671875
0 0.35078125 0.33359375 0.06328125 0.01484375
0 0.18984375 0.34609375 0.0265625 0.00859375
0 0.15390625 0.34296875 0.0265625 0.00859375
0 0.153125 0.334375 0.03203125 0.01015625
0 0.1890625 0.3390625 0.0234375 0.00859375
0 0.19140625 0.3140625 0.0234375 0.00859375
0 0.159375 0.29453125 0.0265625 0.00859375
0 0.1609375 0.31171875 0.0234375 0.00859375
0 0.19453125 0.29765625 0.0265625 0.00859375
0 0.19453125 0.28828125 0.0265625 0.00859375
0 0.196875 0.2734375 0.0265625 0.00859375
0 0.01796875 0.32265625 0.03359375 0.01484375
0 0.0140625 0.275 0.025 0.01328125
0 0.02109375 0.22890625 0.03828125 0.01484375
0 0.0171875 0.2171875 0.03203125 0.01484375
0 0.0203125 0.19453125 0.03671875 0.01484375
0 0.021875 0.16953125 0.03984375 0.01484375
0 0.1609375 0.2625 0.0265625 0.00859375
0 0.19765625 0.23984375 0.0265625 0.00859375
0 0.19921875 0.225 0.0265625 0.00859375
0 0.21171875 0.215625 0.04296875 0.01171875
0 0.1640625 0.2125 0.0234375 0.00859375
0 0.21484375 0.20234375 0.053125 0.01484375
0 0.21796875 0.17890625 0.05703125 0.01328125
0 0.365625 0.2375 0.06328125 0.01484375
0 0.4171875 0.20546875 0.0203125 0.0515625
0 0.3703125 0.18046875 0.053125 0.01328125
0 0.1515625 0.14921875 0.053125 0.01640625
0 0.02421875 0.146875 0.0453125 0.01640625
0 0.01796875 0.13515625 0.03359375 0.01328125
0 0.02109375 0.12421875 0.03828125 0.01484375
0 0.1578125 0.1 0.053125 0.01328125
0 0.47421875 0.16640625 0.09140625 0.0234375
0 0.225 0.06953125 0.053125 0.01484375
0 0.16328125 0.05234375 0.046875 0.01328125
0 0.025 0.07578125 0.046875 0.01484375
0 0.01953125 0.06328125 0.03515625 0.01171875
0 0.02734375 0.04140625 0.05 0.01328125
0 0.034375 0.01953125 0.06015625 0.01484375
0 0.1625 0.0265625 0.05703125 0.01484375
0 0.23046875 0.03203125 0.05703125 0.01328125
0 0.3890625 0.071875 0.03359375 0.01015625
0 0.39296875 0.0609375 0.0296875 0.00859375
0 0.43203125 0.06484375 0.0265625 0.0484375
0 0.50703125 0.05546875 0.01796875 0.0234375
0 0.5234375 0.05546875 0.01640625 0.021875
0 0.53984375 0.05859375 0.01640625 0.025
0 0.55546875 0.0390625 0.028125 0.01484375
0 0.465625 0.03203125 0.03828125 0.01640625
0 0.37578125 0.04296875 0.06484375 0.0203125
0 0.3171875 0.0234375 0.03984375 0.01015625
0 0.31640625 0.01640625 0.03671875 0.01171875
0 0.278125 0.01640625 0.01484375 0.01796875
0 0.23203125 0.0125 0.01484375 0.01796875
0 0.21796875 0.0109375 0.01171875 0.01640625
0 0.20390625 0.009375 0.01484375 0.01484375
0 0.18984375 0.01015625 0.01328125 0.01484375
0 0.1671875 0.00546875 0.01171875 0.00859375
0 0.1578125 0.01015625 0.01484375 0.01640625
0 0.13359375 0.00859375 0.01640625 0.01328125
0 0.1171875 0.0078125 0.01484375 0.01171875
0 0.090625 0.00546875 0.01484375 0.00859375
0 0.05 0.00390625 0.01640625 0.0046875
0 0.03359375 0.0046875 0.01640625 0.00703125
0 0.34765625 0.475 0.046875 0.01328125
0 0.18828125 0.39609375 0.028125 0.00859375
0 0.1828125 0.4203125 0.0296875 0.01171875
0 0.184375 0.44609375 0.0296875 0.01171875
0 0.1875 0.47421875 0.03984375 0.01328125
0 0.1890625 0.5375 0.05 0.01484375
0 0.178125 0.55859375 0.03671875 0.01328125
0 0.43046875 0.43671875 0.06640625 0.0203125
0 0.42734375 0.45234375 0.08359375 0.01796875