0 0.821875 0.20546875 0.03515625 0.03515625
0 0.75078125 0.2140625 0.028125 0.03515625
0 0.759375 0.24765625 0.025 0.025
0 0.615625 0.2734375 0.03203125 0.03984375
0 0.59140625 0.23359375 0.028125 0.03203125
0 0.665625 0.096875 0.021875 0.03203125
0 0.665625 0.1359375 0.025 0.021875
0 0.6421875 0.13359375 0.0203125 0.021875
0 0.58046875 0.10234375 0.028125 0.0296875
0 0.56953125 0.1421875 0.025 0.03203125
0 0.52421875 0.14765625 0.0265625 0.03359375
0 0.7984375 0.07890625 0.025 0.03203125
0 0.80703125 0.0046875 0.0203125 0.009375
0 0.63828125 0.0140625 0.021875 0.025
0 0.621875 0.01796875 0.01796875 0.025
0 0.58203125 0.0203125 0.0203125 0.025
0 0.55703125 0.025 0.021875 0.0265625
0 0.5390625 0.02578125 0.01796875 0.01796875
0 0.48515625 0.0359375 0.00703125 0.03203125
0 0.25703125 0.21015625 0.06171875 0.10703125
0 0.8671875 0.8078125 0.10703125 0.16015625
0 0.4359375 0.696875 0.08828125 0.25