0 0.534375 0.1796875 0.025 0.03671875
0 0.53828125 0.26171875 0.03359375 0.0453125
0 0.471875 0.24453125 0.025 0.028125
0 0.46953125 0.353125 0.0265625 0.03671875
0 0.5375 0.38203125 0.028125 0.03515625
0 0.24765625 0.4765625 0.01796875 0.03359375
0 0.29453125 0.4671875 0.021875 0.03359375
0 0.25234375 0.41328125 0.0203125 0.03203125
0 0.34296875 0.41796875 0.028125 0.03984375
0 0.4125 0.36953125 0.025 0.03203125
0 0.41015625 0.265625 0.025 0.0296875
0 0.29609375 0.19609375 0.021875 0.03515625
0 0.2484375 0.19765625 0.021875 0.0234375
0 0.28046875 0.1125 0.028125 0.03203125
0 0.46484375 0.08359375 0.0234375 0.03671875
0 0.3234375 0.0046875 0.028125 0.009375
0 0.096875 0.0359375 0.0296875 0.03515625
0 0.15546875 0.02265625 0.025 0.04296875
0 0.2671875 0.00390625 0.025 0.0078125
0 0.20859375 0.1 0.025 0.03984375
0 0.16015625 0.2265625 0.025 0.03515625
0 0.06484375 0.296875 0.021875 0.03359375
0 0.10546875 0.28984375 0.021875 0.03515625
0 0.16484375 0.29453125 0.0203125 0.0296875
0 0.159375 0.41640625 0.0234375 0.03671875
0 0.06171875 0.38046875 0.01796875 0.03203125
0 0.11484375 0.484375 0.0234375 0.028125
0 0.61484375 0.103125 0.0703125 0.0703125
0 0.8046875 0.1765625 0.38671875 0.353125
0 0.33203125 0.8421875 0.15703125 0.125
0 0.7890625 0.80234375 0.41796875 0.39140625