0 0.65 0.72734375 0.35703125 0.3515625
0 0.0953125 0.70703125 0.18671875 0.13984375
0 0.78984375 0.4046875 0.39296875 0.28984375
0 0.23984375 0.0453125 0.03515625 0.01796875
0 0.440625 0.2703125 0.021875 0.0265625
0 0.40546875 0.434375 0.03671875 0.03671875
0 0.35078125 0.47109375 0.0453125 0.025
0 0.25078125 0.3546875 0.03671875 0.025
0 0.36171875 0.28984375 0.021875 0.0265625
0 0.25234375 0.2859375 0.03984375 0.0265625
0 0.04453125 0.37578125 0.04140625 0.021875
0 0.4234375 0.215625 0.021875 0.025
0 0.35078125 0.203125 0.021875 0.025
0 0.27890625 0.2078125 0.021875 0.0265625
0 0.26484375 0.153125 0.028125 0.01640625
0 0.41484375 0.16015625 0.0203125 0.0234375
0 0.415625 0.1203125 0.021875 0.025
0 0.37421875 0.06484375 0.05 0.03203125
0 0.31328125 0.1125 0.046875 0.03203125
0 0.21484375 0.096875 0.0484375 0.025
0 0.18671875 0.1390625 0.0515625 0.0265625
0 0.12734375 0.0984375 0.03828125 0.0203125
0 0.1453125 0.07578125 0.025 0.01171875
0 0.15078125 0.0671875 0.0265625 0.01171875
0 0.1484375 0.059375 0.04140625 0.01796875
0 0.16953125 0.03671875 0.025 0.01328125
0 0.1796875 0.02265625 0.0234375 0.01171875
0 0.1828125 0.01328125 0.03203125 0.01484375
0 0.2546875 0.03515625 0.0515625 0.025
0 0.26328125 0.0203125 0.053125 0.028125
0 0.28828125 0.0109375 0.06015625 0.01796875