0 0.74765625 0.5453125 0.26484375 0.18671875
0 0.2703125 0.83984375 0.24296875 0.31640625
0 0.8484375 0.6609375 0.0265625 0.04140625
0 0.73203125 0.7578125 0.025 0.03671875
0 0.6671875 0.64921875 0.028125 0.01796875
0 0.6625 0.75546875 0.0265625 0.03984375
0 0.75234375 0.9640625 0.021875 0.04140625
0 0.5796875 0.6578125 0.025 0.021875
0 0.584375 0.72890625 0.0265625 0.021875
0 0.5296875 0.74296875 0.01640625 0.028125
0 0.49296875 0.69609375 0.0265625 0.0484375
0 0.48359375 0.79296875 0.00703125 0.05
0 0.515625 0.821875 0.0265625 0.0515625
0 0.48359375 0.88203125 0.00703125 0.03984375