0 0.28359375 0.778125 0.3234375 0.178125
0 0.86015625 0.190625 0.26015625 0.19140625
0 0.0234375 0.37734375 0.03203125 0.03671875
0 0.01171875 0.409375 0.0203125 0.028125
0 0.14140625 0.46640625 0.03671875 0.04296875
0 0.17421875 0.4328125 0.03203125 0.03515625
0 0.1328125 0.2828125 0.025 0.03359375
0 0.12421875 0.32109375 0.0265625 0.0234375
0 0.14765625 0.3234375 0.021875 0.0234375
0 0.2140625 0.3078125 0.03203125 0.03359375
0 0.21640625 0.34921875 0.028125 0.03359375
0 0.259375 0.3640625 0.0296875 0.03515625
0 0.01171875 0.2359375 0.0203125 0.03515625
0 0.01796875 0.15234375 0.0203125 0.028125
0 0.17734375 0.209375 0.0234375 0.0265625
0 0.22421875 0.1921875 0.0234375 0.0265625
0 0.19296875 0.21640625 0.0203125 0.0265625
0 0.2328125 0.2265625 0.021875 0.0265625
0 0.240625 0.19765625 0.0203125 0.0203125
0 0.2546875 0.2375 0.0234375 0.028125
0 0.271875 0.2421875 0.0203125 0.0203125
0 0.33046875 0.265625 0.025 0.03203125
0 0.3484375 0.26796875 0.0265625 0.0265625
0 0.37109375 0.275 0.0234375 0.0265625
0 0.3859375 0.28046875 0.01796875 0.01796875
0 0.35546875 0.2375 0.01640625 0.01796875
0 0.42265625 0.25703125 0.04140625 0.03671875
0 0.43984375 0.153125 0.0203125 0.03671875
0 0.41640625 0.128125 0.0234375 0.0203125
0 0.3890625 0.1171875 0.03515625 0.03203125
0 0.3625 0.115625 0.0234375 0.021875
0 0.38203125 0.10078125 0.021875 0.021875
0 0.32265625 0.08828125 0.025 0.0265625
0 0.034375 0.0375 0.0296875 0.046875