0 0.94921875 0.98515625 0.05 0.0265625
0 0.71953125 0.996875 0.0515625 0.00625
0 0.8234375 0.85 0.046875 0.03203125
0 0.925 0.88359375 0.06171875 0.03515625
0 0.89296875 0.8234375 0.046875 0.0296875
0 0.99453125 0.73671875 0.0109375 0.0359375
0 0.88203125 0.71171875 0.03828125 0.03359375
0 0.9515625 0.6875 0.03515625 0.03359375
0 0.94609375 0.5734375 0.05703125 0.03828125
0 0.87890625 0.625 0.03515625 0.04140625
0 0.81328125 0.565625 0.021875 0.0265625
0 0.80859375 0.528125 0.0203125 0.01328125
0 0.81796875 0.67265625 0.025 0.0296875
0 0.759375 0.625 0.021875 0.0265625
0 0.72421875 0.7890625 0.03671875 0.03671875
0 0.66953125 0.82578125 0.0453125 0.025
0 0.56953125 0.71015625 0.03671875 0.025
0 0.6796875 0.6453125 0.021875 0.0265625
0 0.57109375 0.640625 0.03984375 0.0265625
0 0.37265625 0.7296875 0.021875 0.0234375
0 0.74140625 0.57109375 0.021875 0.025
0 0.66953125 0.55859375 0.021875 0.025
0 0.59765625 0.5625 0.021875 0.0265625
0 0.7328125 0.52421875 0.021875 0.0046875
0 0.7890625 0.37578125 0.1984375 0.1265625
0 0.10078125 0.23671875 0.1984375 0.2265625