0 0.0140625 0.97734375 0.0234375 0.01640625
0 0.1171875 0.99765625 0.028125 0.0046875
0 0.084375 0.93828125 0.0234375 0.01640625
0 0.2515625 0.940625 0.0296875 0.0296875
0 0.2953125 0.8953125 0.00703125 0.04296875
0 0.209375 0.77265625 0.01796875 0.03359375
0 0.12109375 0.865625 0.0234375 0.01640625
0 0.14140625 0.75859375 0.01796875 0.03671875
0 0.03515625 0.909375 0.021875 0.01640625
0 0.0390625 0.8359375 0.021875 0.01640625
0 0.059375 0.76640625 0.0234375 0.01640625
0 0.01015625 0.740625 0.01171875 0.0265625
0 0.01328125 0.6609375 0.01640625 0.05
0 0.8640625 0.6234375 0.26796875 0.06015625
0 0.59609375 0.175 0.26796875 0.346875