0 0.0140625 0.02265625 0.0234375 0.01640625
0 0.1171875 0.00234375 0.028125 0.0046875
0 0.084375 0.06171875 0.0234375 0.01640625
0 0.2515625 0.059375 0.0296875 0.0296875
0 0.2953125 0.1046875 0.00703125 0.04296875
0 0.209375 0.22734375 0.01796875 0.03359375
0 0.12109375 0.134375 0.0234375 0.01640625
0 0.14140625 0.24140625 0.01796875 0.03671875
0 0.03515625 0.090625 0.021875 0.01640625
0 0.0390625 0.1640625 0.021875 0.01640625
0 0.059375 0.23359375 0.0234375 0.01640625
0 0.01015625 0.259375 0.01171875 0.0265625
0 0.01328125 0.3390625 0.01640625 0.05
0 0.8640625 0.3765625 0.26796875 0.06015625
0 0.59609375 0.825 0.26796875 0.346875