0 0.0125 0.084375 0.025 0.01484375
0 0.07734375 0.0046875 0.0359375 0.009375
0 0.08671875 0.05859375 0.01015625 0.003125
0 0.09765625 0.059375 0.021875 0.00859375
0 0.0109375 0.28828125 0.00703125 0.00703125
0 0.10859375 0.17265625 0.03984375 0.01328125
0 0.0375 0.21015625 0.03671875 0.01171875
0 0.03984375 0.2578125 0.03359375 0.01328125
0 0.00546875 0.31640625 0.0109375 0.0109375
0 0.0625 0.3296875 0.0234375 0.00703125
0 0.109375 0.28828125 0.01796875 0.00859375
0 0.1703125 0.234375 0.03828125 0.01640625
0 0.21328125 0.29453125 0.03203125 0.01484375
0 0.15703125 0.7078125 0.021875 0.01484375
0 0.0578125 0.76953125 0.01640625 0.0203125
0 0.23359375 0.18671875 0.03671875 0.01796875
0 0.271875 0.1328125 0.00703125 0.0046875
0 0.29140625 0.125 0.0234375 0.01328125
0 0.37890625 0.1484375 0.01640625 0.01015625
0 0.2796875 0.2640625 0.01640625 0.01015625
0 0.4125 0.2265625 0.0234375 0.01328125
0 0.23203125 0.3640625 0.01640625 0.01015625
0 0.0890625 0.4328125 0.0265625 0.01015625
0 0.121875 0.55859375 0.01640625 0.01015625
0 0.45703125 0.57421875 0.03984375 0.0234375
0 0.753125 0.67734375 0.01640625 0.01328125
0 0.50859375 0.6390625 0.01640625 0.01171875