0 0.25234375 0.4546875 0.26484375 0.18671875
0 0.7296875 0.16015625 0.24296875 0.31640625
0 0.1515625 0.3390625 0.0265625 0.04140625
0 0.26796875 0.2421875 0.025 0.03671875
0 0.3328125 0.35078125 0.028125 0.01796875
0 0.3375 0.24453125 0.0265625 0.03984375
0 0.24765625 0.0359375 0.021875 0.04140625
0 0.4203125 0.3421875 0.025 0.021875
0 0.415625 0.27109375 0.0265625 0.021875
0 0.4703125 0.25703125 0.01640625 0.028125
0 0.50703125 0.30390625 0.0265625 0.0484375
0 0.51640625 0.20703125 0.00703125 0.05
0 0.484375 0.178125 0.0265625 0.0515625
0 0.51640625 0.11796875 0.00703125 0.03984375