0 0.396875 0.6390625 0.01328125 0.0453125
0 0.4109375 0.634375 0.01484375 0.046875
0 0.425 0.628125 0.021875 0.0546875
0 0.50234375 0.59609375 0.01640625 0.0484375
0 0.41328125 0.715625 0.046875 0.0515625
0 0.45390625 0.70234375 0.021875 0.08203125
0 0.47109375 0.68984375 0.0234375 0.075
0 0.496875 0.6859375 0.025 0.08828125
0 0.5171875 0.67578125 0.0203125 0.071875
0 0.5171875 0.5875 0.01640625 0.0546875
0 0.53359375 0.59296875 0.01640625 0.0484375
0 0.56484375 0.5875 0.01484375 0.046875
0 0.54453125 0.6796875 0.0234375 0.09140625
0 0.590625 0.6765625 0.0203125 0.0703125
0 0.596875 0.5875 0.01484375 0.04296875
0 0.6140625 0.58203125 0.01640625 0.053125
0 0.62890625 0.58515625 0.01796875 0.053125
0 0.6609375 0.5984375 0.01328125 0.03515625
0 0.6125 0.68046875 0.025 0.08828125
0 0.6359375 0.68203125 0.03203125 0.0984375
0 0.6609375 0.6984375 0.028125 0.0984375
0 0.68359375 0.68984375 0.0296875 0.075
0 0.703125 0.69609375 0.0265625 0.078125
0 0.6921875 0.60546875 0.01484375 0.0453125
0 0.70546875 0.60546875 0.0203125 0.0484375
0 0.72421875 0.609375 0.01796875 0.05
0 0.7375 0.61953125 0.0203125 0.0484375
0 0.75234375 0.62265625 0.0234375 0.0546875
0 0.7671875 0.63671875 0.01796875 0.04296875
0 0.72421875 0.69921875 0.021875 0.06171875
0 0.759375 0.71953125 0.03515625 0.075
0 0.778125 0.734375 0.03203125 0.0796875
0 0.796875 0.7453125 0.03203125 0.06640625
0 0.79921875 0.6546875 0.021875 0.053125
0 0.8140625 0.66171875 0.0234375 0.0515625
0 0.82734375 0.678125 0.01796875 0.03671875
0 0.84921875 0.50859375 0.028125 0.01328125
0 0.87421875 0.52734375 0.03203125 0.0515625
0 0.89453125 0.528125 0.03515625 0.053125
0 0.91640625 0.54296875 0.03359375 0.0703125
0 0.93359375 0.5546875 0.03359375 0.06640625
0 0.96015625 0.5765625 0.025 0.0484375
0 0.815625 0.753125 0.0296875 0.071875
0 0.8421875 0.6875 0.021875 0.0453125
0 0.83359375 0.7734375 0.0296875 0.06796875
0 0.871875 0.71015625 0.0234375 0.0453125
0 0.90234375 0.73359375 0.0265625 0.0484375
0 0.8546875 0.7734375 0.01796875 0.021875
0 0.86640625 0.80546875 0.03359375 0.0515625
0 0.8859375 0.81640625 0.0296875 0.0515625
0 0.7171875 0.9359375 0.0203125 0.05
0 0.73203125 0.94140625 0.0203125 0.0484375
0 0.74609375 0.95 0.01796875 0.046875
0 0.76328125 0.96015625 0.01796875 0.0484375
0 0.775 0.96484375 0.01796875 0.0453125
0 0.7890625 0.9734375 0.01796875 0.046875
0 0.80546875 0.975 0.0203125 0.0484375
0 0.7625 0.9984375 0.01796875 0.003125
0 0.721875 0.9890625 0.03359375 0.021875
0 0.7 0.92578125 0.0234375 0.05859375
0 0.68359375 0.90703125 0.021875 0.078125
0 0.66328125 0.91015625 0.021875 0.08203125
0 0.64453125 0.91015625 0.0203125 0.0796875
0 0.6234375 0.9078125 0.025 0.08671875
0 0.640625 0.9859375 0.021875 0.028125
0 0.62421875 0.9859375 0.021875 0.028125
0 0.60390625 0.9859375 0.021875 0.028125
0 0.58203125 0.909375 0.0234375 0.09296875
0 0.58359375 0.98359375 0.0265625 0.0328125
0 0.56171875 0.9046875 0.025 0.09140625
0 0.53828125 0.89921875 0.025 0.08984375
0 0.515625 0.89921875 0.025 0.0984375
0 0.496875 0.90703125 0.025 0.08515625
0 0.44921875 0.90078125 0.025 0.103125
0 0.43046875 0.90390625 0.025 0.08984375
0 0.4078125 0.90390625 0.0234375 0.0984375
0 0.3953125 0.9 0.01015625 0.096875
0 0.5640625 0.98515625 0.021875 0.0296875
0 0.54296875 0.98671875 0.0203125 0.0265625
0 0.525 0.9828125 0.025 0.034375
0 0.50546875 0.9859375 0.025 0.028125
0 0.484375 0.98671875 0.021875 0.0265625
0 0.4640625 0.98359375 0.025 0.0328125
0 0.44609375 0.98828125 0.021875 0.0234375
0 0.42734375 0.9859375 0.025 0.028125
0 0.40546875 0.9859375 0.021875 0.028125
0 0.4953125 0.1640625 0.21015625 0.325