0 0.5109375 0.00234375 0.0046875 0.0046875
0 0.515625 0.015625 0.01640625 0.0296875
0 0.55 0.08984375 0.0046875 0.01015625
0 0.55078125 0.10078125 0.01015625 0.021875
0 0.31328125 0.04140625 0.00703125 0.00703125
0 0.43984375 0.125 0.01640625 0.04140625
0 0.39296875 0.059375 0.01484375 0.03828125
0 0.346875 0.0671875 0.01640625 0.03515625
0 0.28203125 0.0296875 0.01328125 0.03203125
0 0.27734375 0.0984375 0.00859375 0.0234375
0 0.325 0.13984375 0.01015625 0.01796875
0 0.3859375 0.19296875 0.0203125 0.03984375
0 0.33203125 0.24296875 0.01796875 0.03359375
0 0.440625 0.25078125 0.021875 0.03828125
0 0.49921875 0.2828125 0.0046875 0.00703125
0 0.509375 0.30078125 0.01484375 0.025
0 0.49609375 0.390625 0.01171875 0.01796875
0 0.36953125 0.30703125 0.01171875 0.01796875
0 0.42265625 0.43359375 0.01484375 0.025
0 0.2640625 0.27109375 0.01171875 0.01796875
0 0.17890625 0.1375 0.01328125 0.028125
0 0.05859375 0.18515625 0.01171875 0.01796875
0 0.6734375 0.4609375 0.18671875 0.03515625
0 0.8140625 0.49453125 0.1515625 0.028125
0 0.88515625 0.54453125 0.1703125 0.128125
0 0.73203125 0.6609375 0.1515625 0.13359375
0 0.88828125 0.71796875 0.16328125 0.125