0 0.4890625 0.99765625 0.0046875 0.0046875
0 0.484375 0.984375 0.01640625 0.0296875
0 0.45 0.91015625 0.0046875 0.01015625
0 0.44921875 0.89921875 0.01015625 0.021875
0 0.68671875 0.95859375 0.00703125 0.00703125
0 0.56015625 0.875 0.01640625 0.04140625
0 0.60703125 0.940625 0.01484375 0.03828125
0 0.653125 0.9328125 0.01640625 0.03515625
0 0.71796875 0.9703125 0.01328125 0.03203125
0 0.72265625 0.9015625 0.00859375 0.0234375
0 0.675 0.86015625 0.01015625 0.01796875
0 0.6140625 0.80703125 0.0203125 0.03984375
0 0.66796875 0.75703125 0.01796875 0.03359375
0 0.559375 0.74921875 0.021875 0.03828125
0 0.50078125 0.7171875 0.0046875 0.00703125
0 0.490625 0.69921875 0.01484375 0.025
0 0.50390625 0.609375 0.01171875 0.01796875
0 0.63046875 0.69296875 0.01171875 0.01796875
0 0.57734375 0.56640625 0.01484375 0.025
0 0.7359375 0.72890625 0.01171875 0.01796875
0 0.82109375 0.8625 0.01328125 0.028125
0 0.94140625 0.81484375 0.01171875 0.01796875
0 0.3265625 0.5390625 0.18671875 0.03515625
0 0.1859375 0.50546875 0.1515625 0.028125
0 0.11484375 0.45546875 0.1703125 0.128125
0 0.26796875 0.3390625 0.1515625 0.13359375
0 0.11171875 0.28203125 0.16328125 0.125