0 0.2125 0.04296875 0.134375 0.0859375
0 0.84921875 0.12421875 0.2984375 0.2484375
0 0.61328125 0.81953125 0.0265625 0.028125
0 0.68203125 0.859375 0.025 0.0265625
0 0.77265625 0.896875 0.0453125 0.0296875
0 0.7625 0.81328125 0.03828125 0.021875
0 0.86484375 0.83828125 0.028125 0.0203125
0 0.99296875 0.70390625 0.01015625 0.028125
0 0.91015625 0.74921875 0.05 0.03203125
0 0.81484375 0.721875 0.0296875 0.01796875
0 0.87890625 0.68359375 0.03203125 0.0203125
0 0.9328125 0.59453125 0.03515625 0.021875
0 0.859375 0.63203125 0.04296875 0.028125
0 0.84765625 0.56328125 0.0265625 0.0234375
0 0.746875 0.6046875 0.03515625 0.0234375
0 0.74921875 0.67890625 0.03359375 0.025
0 0.75 0.76015625 0.028125 0.0203125
0 0.709375 0.56015625 0.0296875 0.021875