0 0.28359375 0.221875 0.3234375 0.178125
0 0.86015625 0.809375 0.26015625 0.19140625
0 0.0234375 0.62265625 0.03203125 0.03671875
0 0.01171875 0.590625 0.0203125 0.028125
0 0.14140625 0.53359375 0.03671875 0.04296875
0 0.17421875 0.5671875 0.03203125 0.03515625
0 0.1328125 0.7171875 0.025 0.03359375
0 0.12421875 0.67890625 0.0265625 0.0234375
0 0.14765625 0.6765625 0.021875 0.0234375
0 0.2140625 0.6921875 0.03203125 0.03359375
0 0.21640625 0.65078125 0.028125 0.03359375
0 0.259375 0.6359375 0.0296875 0.03515625
0 0.01171875 0.7640625 0.0203125 0.03515625
0 0.01796875 0.84765625 0.0203125 0.028125
0 0.17734375 0.790625 0.0234375 0.0265625
0 0.22421875 0.8078125 0.0234375 0.0265625
0 0.19296875 0.78359375 0.0203125 0.0265625
0 0.2328125 0.7734375 0.021875 0.0265625
0 0.240625 0.80234375 0.0203125 0.0203125
0 0.2546875 0.7625 0.0234375 0.028125
0 0.271875 0.7578125 0.0203125 0.0203125
0 0.33046875 0.734375 0.025 0.03203125
0 0.3484375 0.73203125 0.0265625 0.0265625
0 0.37109375 0.725 0.0234375 0.0265625
0 0.3859375 0.71953125 0.01796875 0.01796875
0 0.35546875 0.7625 0.01640625 0.01796875
0 0.42265625 0.74296875 0.04140625 0.03671875
0 0.43984375 0.846875 0.0203125 0.03671875
0 0.41640625 0.871875 0.0234375 0.0203125
0 0.3890625 0.8828125 0.03515625 0.03203125
0 0.3625 0.884375 0.0234375 0.021875
0 0.38203125 0.89921875 0.021875 0.021875
0 0.32265625 0.91171875 0.025 0.0265625
0 0.034375 0.9625 0.0296875 0.046875