0 0.9953125 0.10078125 0.009375 0.0203125
0 0.925 0.0328125 0.03671875 0.0203125
0 0.92578125 0.08984375 0.01015625 0.0046875
0 0.91484375 0.0921875 0.0234375 0.01171875
0 0.92421875 0.20546875 0.04140625 0.0203125
0 0.98984375 0.23203125 0.0203125 0.0203125
0 0.99453125 0.278125 0.0109375 0.021875
0 0.99140625 0.353125 0.01640625 0.01328125
0 0.94453125 0.3203125 0.0203125 0.01171875
0 0.875 0.27734375 0.03984375 0.0234375
0 0.8421875 0.34453125 0.03359375 0.0203125
0 0.80390625 0.2421875 0.03984375 0.025
0 0.75703125 0.1953125 0.00703125 0.00703125
0 0.7359375 0.190625 0.025 0.01796875
0 0.65390625 0.2296875 0.01796875 0.01328125
0 0.771875 0.3265625 0.01796875 0.01328125
0 0.634375 0.3125 0.025 0.01796875
0 0.83671875 0.41640625 0.01796875 0.01328125
0 0.98671875 0.46015625 0.0265625 0.01640625
0 0.27265625 0.2390625 0.146875 0.15703125
0 0.30078125 0.5859375 0.125 0.0515625