0 0.753125 0.19765625 0.3265625 0.26171875
0 0.53515625 0.771875 0.0484375 0.0234375
0 0.48984375 0.82421875 0.05 0.028125
0 0.309375 0.81484375 0.0484375 0.025
0 0.3984375 0.6484375 0.046875 0.028125
0 0.50234375 0.6734375 0.06015625 0.0296875
0 0.465625 0.615625 0.0453125 0.0265625
0 0.57109375 0.51953125 0.03515625 0.03203125
0 0.4453125 0.50546875 0.03671875 0.03203125
0 0.51171875 0.47578125 0.03359375 0.0296875
0 0.43515625 0.43515625 0.03359375 0.01015625
0 0.378125 0.47265625 0.0234375 0.0296875
0 0.315625 0.4375 0.021875 0.01484375
0 0.29453125 0.596875 0.03359375 0.03359375
0 0.2421875 0.63828125 0.04296875 0.021875
0 0.13359375 0.53203125 0.03515625 0.0234375
0 0.2375 0.45703125 0.0203125 0.025
0 0.128125 0.4625 0.03828125 0.0234375
0 0.7859375 0.86953125 0.178125 0.25859375