0 0.36171875 0.33515625 0.01328125 0.03359375
0 0.93203125 0.07109375 0.0203125 0.0484375
0 0.75859375 0.01015625 0.0265625 0.0203125
0 0.48046875 0.05546875 0.025 0.01796875
0 0.4390625 0.0671875 0.01796875 0.01640625
0 0.584375 0.0328125 0.028125 0.021875
0 0.5484375 0.09921875 0.025 0.01796875
0 0.715625 0.1046875 0.03203125 0.03203125
0 0.76171875 0.15234375 0.01796875 0.04140625
0 0.6640625 0.27109375 0.0203125 0.03515625
0 0.58046875 0.1734375 0.025 0.01796875
0 0.596875 0.28203125 0.0203125 0.03828125
0 0.49765625 0.12578125 0.0234375 0.01796875
0 0.4984375 0.19921875 0.0234375 0.01796875
0 0.5140625 0.26953125 0.025 0.01796875
0 0.4640625 0.2921875 0.01328125 0.0265625
0 0.44453125 0.14296875 0.021875 0.01796875
0 0.4046875 0.15 0.0234375 0.01796875
0 0.3578125 0.2 0.0234375 0.0484375
0 0.41484375 0.25234375 0.025 0.04296875
0 0.41640625 0.3515625 0.01640625 0.046875
0 0.46328125 0.37265625 0.0203125 0.05
0 0.40859375 0.41484375 0.01015625 0.00703125
0 0.4 0.4125 0.01015625 0.01171875
0 0.39140625 0.4109375 0.01328125 0.01484375
0 0.36484375 0.4078125 0.01015625 0.0234375
0 0.35 0.39921875 0.00859375 0.021875
0 0.33984375 0.39765625 0.01015625 0.0296875
0 0.34921875 0.3234375 0.01640625 0.05
0 0.3375 0.31796875 0.01484375 0.053125
0 0.9484375 0.4640625 0.1 0.08828125
0 0.89765625 0.66953125 0.146875 0.0796875