0 0.0046875 0.10078125 0.009375 0.0203125
0 0.075 0.0328125 0.03671875 0.0203125
0 0.07421875 0.08984375 0.01015625 0.0046875
0 0.08515625 0.0921875 0.0234375 0.01171875
0 0.07578125 0.20546875 0.04140625 0.0203125
0 0.01015625 0.23203125 0.0203125 0.0203125
0 0.00546875 0.278125 0.0109375 0.021875
0 0.00859375 0.353125 0.01640625 0.01328125
0 0.05546875 0.3203125 0.0203125 0.01171875
0 0.125 0.27734375 0.03984375 0.0234375
0 0.1578125 0.34453125 0.03359375 0.0203125
0 0.19609375 0.2421875 0.03984375 0.025
0 0.24296875 0.1953125 0.00703125 0.00703125
0 0.2640625 0.190625 0.025 0.01796875
0 0.34609375 0.2296875 0.01796875 0.01328125
0 0.228125 0.3265625 0.01796875 0.01328125
0 0.365625 0.3125 0.025 0.01796875
0 0.16328125 0.41640625 0.01796875 0.01328125
0 0.01328125 0.46015625 0.0265625 0.01640625
0 0.72734375 0.2390625 0.146875 0.15703125
0 0.69921875 0.5859375 0.125 0.0515625