0 0.246875 0.19765625 0.3265625 0.26171875
0 0.46484375 0.771875 0.0484375 0.0234375
0 0.51015625 0.82421875 0.05 0.028125
0 0.690625 0.81484375 0.0484375 0.025
0 0.6015625 0.6484375 0.046875 0.028125
0 0.49765625 0.6734375 0.06015625 0.0296875
0 0.534375 0.615625 0.0453125 0.0265625
0 0.42890625 0.51953125 0.03515625 0.03203125
0 0.5546875 0.50546875 0.03671875 0.03203125
0 0.48828125 0.47578125 0.03359375 0.0296875
0 0.56484375 0.43515625 0.03359375 0.01015625
0 0.621875 0.47265625 0.0234375 0.0296875
0 0.684375 0.4375 0.021875 0.01484375
0 0.70546875 0.596875 0.03359375 0.03359375
0 0.7578125 0.63828125 0.04296875 0.021875
0 0.86640625 0.53203125 0.03515625 0.0234375
0 0.7625 0.45703125 0.0203125 0.025
0 0.871875 0.4625 0.03828125 0.0234375
0 0.2140625 0.86953125 0.178125 0.25859375