0 0.253125 0.11328125 0.01796875 0.05859375
0 0.22421875 0.13984375 0.01171875 0.03515625
0 0.21328125 0.1390625 0.01484375 0.0484375
0 0.24453125 0.1765625 0.01328125 0.03671875
0 0.23515625 0.18046875 0.01328125 0.03671875
0 0.2140625 0.19609375 0.01484375 0.0453125
0 0.20078125 0.14453125 0.01796875 0.05
0 0.140625 0.1828125 0.0234375 0.05
0 0.125 0.1953125 0.01796875 0.0515625
0 0.14921875 0.24140625 0.01796875 0.0484375
0 0.1375 0.246875 0.01484375 0.04140625
0 0.121875 0.2375 0.01015625 0.01328125
0 0.11171875 0.20390625 0.01484375 0.0453125
0 0.09765625 0.2171875 0.01328125 0.03515625
0 0.0875 0.22421875 0.01328125 0.03515625
0 0.07734375 0.2296875 0.01328125 0.03984375
0 0.0703125 0.2390625 0.01328125 0.03203125
0 0.1125 0.26640625 0.01640625 0.0453125
0 0.10078125 0.27109375 0.01015625 0.025
0 0.090625 0.2765625 0.01171875 0.03359375
0 0.08203125 0.2828125 0.01484375 0.046875
0 0.07109375 0.29140625 0.01171875 0.03203125
0 0.05859375 0.2421875 0.01640625 0.0453125
0 0.0625 0.29609375 0.01015625 0.03671875
0 0.04765625 0.2484375 0.01328125 0.03828125
0 0.13046875 0.384375 0.0734375 0.0703125