0 0.0328125 0.4203125 0.04296875 0.03671875
0 0.17890625 0.0046875 0.0265625 0.009375
0 0.78203125 0.0078125 0.0734375 0.01484375
0 0.89296875 0.0125 0.09140625 0.0234375
0 0.84296875 0.0671875 0.253125 0.05859375
0 0.5546875 0.0359375 0.0546875 0.01796875
0 0.5484375 0.07109375 0.046875 0.01171875
0 0.53046875 0.10390625 0.01484375 0.00859375
0 0.59296875 0.07578125 0.046875 0.01328125
0 0.56328125 0.103125 0.06640625 0.021875
0 0.56640625 0.1328125 0.01171875 0.01328125
0 0.603125 0.1375 0.06484375 0.01796875
0 0.521875 0.1265625 0.05 0.01640625
0 0.47109375 0.121875 0.03515625 0.01328125
0 0.42578125 0.11640625 0.04296875 0.01015625
0 0.87734375 0.2359375 0.03828125 0.01484375
0 0.959375 0.25546875 0.078125 0.0484375
0 0.7296875 0.30703125 0.03828125 0.01484375
0 0.73046875 0.321875 0.05703125 0.01484375
0 0.18515625 0.90234375 0.1484375 0.078125
0 0.05 0.778125 0.1 0.09296875
0 0.725 0.75703125 0.3046875 0.178125