0 0.71640625 0.221875 0.3234375 0.178125
0 0.13984375 0.809375 0.26015625 0.19140625
0 0.9765625 0.62265625 0.03203125 0.03671875
0 0.98828125 0.590625 0.0203125 0.028125
0 0.85859375 0.53359375 0.03671875 0.04296875
0 0.82578125 0.5671875 0.03203125 0.03515625
0 0.8671875 0.7171875 0.025 0.03359375
0 0.87578125 0.67890625 0.0265625 0.0234375
0 0.85234375 0.6765625 0.021875 0.0234375
0 0.7859375 0.6921875 0.03203125 0.03359375
0 0.78359375 0.65078125 0.028125 0.03359375
0 0.740625 0.6359375 0.0296875 0.03515625
0 0.98828125 0.7640625 0.0203125 0.03515625
0 0.98203125 0.84765625 0.0203125 0.028125
0 0.82265625 0.790625 0.0234375 0.0265625
0 0.77578125 0.8078125 0.0234375 0.0265625
0 0.80703125 0.78359375 0.0203125 0.0265625
0 0.7671875 0.7734375 0.021875 0.0265625
0 0.759375 0.80234375 0.0203125 0.0203125
0 0.7453125 0.7625 0.0234375 0.028125
0 0.728125 0.7578125 0.0203125 0.0203125
0 0.66953125 0.734375 0.025 0.03203125
0 0.6515625 0.73203125 0.0265625 0.0265625
0 0.62890625 0.725 0.0234375 0.0265625
0 0.6140625 0.71953125 0.01796875 0.01796875
0 0.64453125 0.7625 0.01640625 0.01796875
0 0.57734375 0.74296875 0.04140625 0.03671875
0 0.56015625 0.846875 0.0203125 0.03671875
0 0.58359375 0.871875 0.0234375 0.0203125
0 0.6109375 0.8828125 0.03515625 0.03203125
0 0.6375 0.884375 0.0234375 0.021875
0 0.61796875 0.89921875 0.021875 0.021875
0 0.67734375 0.91171875 0.025 0.0265625
0 0.965625 0.9625 0.0296875 0.046875