0 0.0046875 0.89921875 0.009375 0.0203125
0 0.075 0.9671875 0.03671875 0.0203125
0 0.07421875 0.91015625 0.01015625 0.0046875
0 0.08515625 0.9078125 0.0234375 0.01171875
0 0.07578125 0.79453125 0.04140625 0.0203125
0 0.01015625 0.76796875 0.0203125 0.0203125
0 0.00546875 0.721875 0.0109375 0.021875
0 0.00859375 0.646875 0.01640625 0.01328125
0 0.05546875 0.6796875 0.0203125 0.01171875
0 0.125 0.72265625 0.03984375 0.0234375
0 0.1578125 0.65546875 0.03359375 0.0203125
0 0.19609375 0.7578125 0.03984375 0.025
0 0.24296875 0.8046875 0.00703125 0.00703125
0 0.2640625 0.809375 0.025 0.01796875
0 0.34609375 0.7703125 0.01796875 0.01328125
0 0.228125 0.6734375 0.01796875 0.01328125
0 0.365625 0.6875 0.025 0.01796875
0 0.16328125 0.58359375 0.01796875 0.01328125
0 0.01328125 0.53984375 0.0265625 0.01640625
0 0.72734375 0.7609375 0.146875 0.15703125
0 0.69921875 0.4140625 0.125 0.0515625