0 0.05078125 0.01484375 0.05 0.0265625
0 0.28046875 0.003125 0.0515625 0.00625
0 0.1765625 0.15 0.046875 0.03203125
0 0.075 0.11640625 0.06171875 0.03515625
0 0.10703125 0.1765625 0.046875 0.0296875
0 0.00546875 0.26328125 0.0109375 0.0359375
0 0.11796875 0.28828125 0.03828125 0.03359375
0 0.0484375 0.3125 0.03515625 0.03359375
0 0.05390625 0.4265625 0.05703125 0.03828125
0 0.12109375 0.375 0.03515625 0.04140625
0 0.18671875 0.434375 0.021875 0.0265625
0 0.19140625 0.471875 0.0203125 0.01328125
0 0.18203125 0.32734375 0.025 0.0296875
0 0.240625 0.375 0.021875 0.0265625
0 0.27578125 0.2109375 0.03671875 0.03671875
0 0.33046875 0.17421875 0.0453125 0.025
0 0.43046875 0.28984375 0.03671875 0.025
0 0.3203125 0.3546875 0.021875 0.0265625
0 0.42890625 0.359375 0.03984375 0.0265625
0 0.62734375 0.2703125 0.021875 0.0234375
0 0.25859375 0.42890625 0.021875 0.025
0 0.33046875 0.44140625 0.021875 0.025
0 0.40234375 0.4375 0.021875 0.0265625
0 0.2671875 0.47578125 0.021875 0.0046875
0 0.2109375 0.62421875 0.1984375 0.1265625
0 0.89921875 0.76328125 0.1984375 0.2265625