0 0.36171875 0.66484375 0.01328125 0.03359375
0 0.93203125 0.92890625 0.0203125 0.0484375
0 0.75859375 0.98984375 0.0265625 0.0203125
0 0.48046875 0.94453125 0.025 0.01796875
0 0.4390625 0.9328125 0.01796875 0.01640625
0 0.584375 0.9671875 0.028125 0.021875
0 0.5484375 0.90078125 0.025 0.01796875
0 0.715625 0.8953125 0.03203125 0.03203125
0 0.76171875 0.84765625 0.01796875 0.04140625
0 0.6640625 0.72890625 0.0203125 0.03515625
0 0.58046875 0.8265625 0.025 0.01796875
0 0.596875 0.71796875 0.0203125 0.03828125
0 0.49765625 0.87421875 0.0234375 0.01796875
0 0.4984375 0.80078125 0.0234375 0.01796875
0 0.5140625 0.73046875 0.025 0.01796875
0 0.4640625 0.7078125 0.01328125 0.0265625
0 0.44453125 0.85703125 0.021875 0.01796875
0 0.4046875 0.85 0.0234375 0.01796875
0 0.3578125 0.8 0.0234375 0.0484375
0 0.41484375 0.74765625 0.025 0.04296875
0 0.41640625 0.6484375 0.01640625 0.046875
0 0.46328125 0.62734375 0.0203125 0.05
0 0.40859375 0.58515625 0.01015625 0.00703125
0 0.4 0.5875 0.01015625 0.01171875
0 0.39140625 0.5890625 0.01328125 0.01484375
0 0.36484375 0.5921875 0.01015625 0.0234375
0 0.35 0.60078125 0.00859375 0.021875
0 0.33984375 0.60234375 0.01015625 0.0296875
0 0.34921875 0.6765625 0.01640625 0.05
0 0.3375 0.68203125 0.01484375 0.053125
0 0.9484375 0.5359375 0.1 0.08828125
0 0.89765625 0.33046875 0.146875 0.0796875