0 0.0328125 0.5796875 0.04296875 0.03671875
0 0.17890625 0.9953125 0.0265625 0.009375
0 0.78203125 0.9921875 0.0734375 0.01484375
0 0.89296875 0.9875 0.09140625 0.0234375
0 0.84296875 0.9328125 0.253125 0.05859375
0 0.5546875 0.9640625 0.0546875 0.01796875
0 0.5484375 0.92890625 0.046875 0.01171875
0 0.53046875 0.89609375 0.01484375 0.00859375
0 0.59296875 0.92421875 0.046875 0.01328125
0 0.56328125 0.896875 0.06640625 0.021875
0 0.56640625 0.8671875 0.01171875 0.01328125
0 0.603125 0.8625 0.06484375 0.01796875
0 0.521875 0.8734375 0.05 0.01640625
0 0.47109375 0.878125 0.03515625 0.01328125
0 0.42578125 0.88359375 0.04296875 0.01015625
0 0.87734375 0.7640625 0.03828125 0.01484375
0 0.959375 0.74453125 0.078125 0.0484375
0 0.7296875 0.69296875 0.03828125 0.01484375
0 0.73046875 0.678125 0.05703125 0.01484375
0 0.18515625 0.09765625 0.1484375 0.078125
0 0.05 0.221875 0.1 0.09296875
0 0.725 0.24296875 0.3046875 0.178125