0 0.6015625 0.99140625 0.0265625 0.01640625
0 0.6015625 0.828125 0.021875 0.0484375
0 0.77265625 0.90859375 0.0265625 0.0453125
0 0.75234375 0.99140625 0.028125 0.01640625
0 0.80859375 0.9734375 0.0234375 0.0453125
0 0.9171875 0.94765625 0.0296875 0.03515625
0 0.99140625 0.93046875 0.01640625 0.03203125
0 0.94765625 0.878125 0.028125 0.021875
0 0.9859375 0.81328125 0.025 0.01796875
0 0.81953125 0.8015625 0.03359375 0.03359375
0 0.77421875 0.75234375 0.0203125 0.04296875
0 0.87578125 0.6375 0.021875 0.03515625
0 0.95546875 0.73828125 0.025 0.01796875
0 0.94453125 0.62890625 0.021875 0.03828125
0 0.3375 0.5796875 0.16796875 0.05703125
0 0.203125 0.7046875 0.18359375 0.16796875
0 0.59609375 0.5 0.18828125 0.1
0 0.31015625 0.2953125 0.09296875 0.21171875