0 0.9875 0.915625 0.025 0.01484375
0 0.92265625 0.9953125 0.0359375 0.009375
0 0.91328125 0.94140625 0.01015625 0.003125
0 0.90234375 0.940625 0.021875 0.00859375
0 0.9890625 0.71171875 0.00703125 0.00703125
0 0.89140625 0.82734375 0.03984375 0.01328125
0 0.9625 0.78984375 0.03671875 0.01171875
0 0.96015625 0.7421875 0.03359375 0.01328125
0 0.99453125 0.68359375 0.0109375 0.0109375
0 0.9375 0.6703125 0.0234375 0.00703125
0 0.890625 0.71171875 0.01796875 0.00859375
0 0.8296875 0.765625 0.03828125 0.01640625
0 0.78671875 0.70546875 0.03203125 0.01484375
0 0.84296875 0.2921875 0.021875 0.01484375
0 0.9421875 0.23046875 0.01640625 0.0203125
0 0.76640625 0.81328125 0.03671875 0.01796875
0 0.728125 0.8671875 0.00703125 0.0046875
0 0.70859375 0.875 0.0234375 0.01328125
0 0.62109375 0.8515625 0.01640625 0.01015625
0 0.7203125 0.7359375 0.01640625 0.01015625
0 0.5875 0.7734375 0.0234375 0.01328125
0 0.76796875 0.6359375 0.01640625 0.01015625
0 0.9109375 0.5671875 0.0265625 0.01015625
0 0.878125 0.44140625 0.01640625 0.01015625
0 0.54296875 0.42578125 0.03984375 0.0234375
0 0.246875 0.32265625 0.01640625 0.01328125
0 0.49140625 0.3609375 0.01640625 0.01171875