0 0.3984375 0.00859375 0.0265625 0.01640625
0 0.3984375 0.171875 0.021875 0.0484375
0 0.22734375 0.09140625 0.0265625 0.0453125
0 0.24765625 0.00859375 0.028125 0.01640625
0 0.19140625 0.0265625 0.0234375 0.0453125
0 0.0828125 0.05234375 0.0296875 0.03515625
0 0.00859375 0.06953125 0.01640625 0.03203125
0 0.05234375 0.121875 0.028125 0.021875
0 0.0140625 0.18671875 0.025 0.01796875
0 0.18046875 0.1984375 0.03359375 0.03359375
0 0.22578125 0.24765625 0.0203125 0.04296875
0 0.12421875 0.3625 0.021875 0.03515625
0 0.04453125 0.26171875 0.025 0.01796875
0 0.05546875 0.37109375 0.021875 0.03828125
0 0.6625 0.4203125 0.16796875 0.05703125
0 0.796875 0.2953125 0.18359375 0.16796875
0 0.40390625 0.5 0.18828125 0.1
0 0.68984375 0.7046875 0.09296875 0.21171875