0 0.746875 0.11328125 0.01796875 0.05859375
0 0.77578125 0.13984375 0.01171875 0.03515625
0 0.78671875 0.1390625 0.01484375 0.0484375
0 0.75546875 0.1765625 0.01328125 0.03671875
0 0.76484375 0.18046875 0.01328125 0.03671875
0 0.7859375 0.19609375 0.01484375 0.0453125
0 0.79921875 0.14453125 0.01796875 0.05
0 0.859375 0.1828125 0.0234375 0.05
0 0.875 0.1953125 0.01796875 0.0515625
0 0.85078125 0.24140625 0.01796875 0.0484375
0 0.8625 0.246875 0.01484375 0.04140625
0 0.878125 0.2375 0.01015625 0.01328125
0 0.88828125 0.20390625 0.01484375 0.0453125
0 0.90234375 0.2171875 0.01328125 0.03515625
0 0.9125 0.22421875 0.01328125 0.03515625
0 0.92265625 0.2296875 0.01328125 0.03984375
0 0.9296875 0.2390625 0.01328125 0.03203125
0 0.8875 0.26640625 0.01640625 0.0453125
0 0.89921875 0.27109375 0.01015625 0.025
0 0.909375 0.2765625 0.01171875 0.03359375
0 0.91796875 0.2828125 0.01484375 0.046875
0 0.92890625 0.29140625 0.01171875 0.03203125
0 0.94140625 0.2421875 0.01640625 0.0453125
0 0.9375 0.29609375 0.01015625 0.03671875
0 0.95234375 0.2484375 0.01328125 0.03828125
0 0.86953125 0.384375 0.0734375 0.0703125