0 0.28671875 0.590625 0.021875 0.0203125
0 0.25703125 0.471875 0.0296875 0.0203125
0 0.33984375 0.4609375 0.01640625 0.021875
0 0.3421875 0.3390625 0.01171875 0.021875
0 0.2453125 0.334375 0.03515625 0.025
0 0.303125 0.2609375 0.0296875 0.0203125
0 0.1421875 0.26171875 0.028125 0.0203125
0 0.28515625 0.13515625 0.00703125 0.01328125
0 0.29765625 0.12421875 0.0296875 0.025
0 0.209375 0.1609375 0.04296875 0.03203125
0 0.11015625 0.15859375 0.03671875 0.028125
0 0.125 0.0234375 0.028125 0.0234375
0 0.25234375 0.028125 0.0234375 0.01796875
0 0.31015625 0.00390625 0.0234375 0.0078125
0 0.9546875 0.51171875 0.08671875 0.21328125
0 0.5265625 0.48984375 0.128125 0.228125
0 0.15546875 0.8546875 0.3109375 0.175
0 0.74296875 0.903125 0.13984375 0.18984375