0 0.475 0.2953125 0.18359375 0.33671875
0 0.34765625 0.7328125 0.03984375 0.03984375
0 0.41796875 0.72734375 0.03359375 0.03828125
0 0.41640625 0.7625 0.028125 0.028125
0 0.55390625 0.7640625 0.025 0.0453125
0 0.48203125 0.59765625 0.0265625 0.03359375
0 0.4890625 0.63671875 0.0265625 0.025
0 0.51171875 0.62890625 0.021875 0.0234375
0 0.55859375 0.5890625 0.01640625 0.03515625
0 0.028125 0.66171875 0.03671875 0.03984375
0 0.08046875 0.62109375 0.0296875 0.03515625
0 0.3484375 0.60390625 0.0296875 0.03515625
0 0.32578125 0.52265625 0.021875 0.028125
0 0.49453125 0.51171875 0.025 0.0265625
0 0.5296875 0.48203125 0.0265625 0.0234375
0 0.51171875 0.51328125 0.021875 0.0265625
0 0.5515625 0.5078125 0.0234375 0.0265625
0 0.54921875 0.47890625 0.021875 0.01796875