0 0.68515625 0.271875 0.446875 0.4265625
0 0.19921875 0.56953125 0.08828125 0.01796875
0 0.18359375 0.56015625 0.096875 0.03671875
0 0.140625 0.5359375 0.075 0.0453125
0 0.14609375 0.5125 0.10703125 0.05859375
0 0.10859375 0.49921875 0.06796875 0.03671875
0 0.11015625 0.47578125 0.103125 0.05859375
0 0.07734375 0.4625 0.078125 0.03984375
0 0.07265625 0.44609375 0.06171875 0.03359375
0 0.3765625 0.53671875 0.06640625 0.03984375
0 0.36171875 0.509375 0.05 0.03203125
0 0.3359375 0.48515625 0.053125 0.03203125
0 0.32578125 0.47265625 0.0453125 0.0265625
0 0.31484375 0.45859375 0.0484375 0.028125
0 0.30546875 0.44609375 0.05703125 0.03515625
0 0.253125 0.3796875 0.05 0.028125
0 0.3984375 0.45 0.06796875 0.08828125
0 0.36796875 0.39765625 0.08359375 0.04140625
0 0.3515625 0.38515625 0.0765625 0.04296875
0 0.340625 0.36171875 0.08828125 0.046875
0 0.325 0.34453125 0.0734375 0.03828125
0 0.24140625 0.36796875 0.05703125 0.0296875
0 0.2421875 0.35078125 0.05 0.028125
0 0.059375 0.42109375 0.071875 0.03828125
0 0.0515625 0.4015625 0.08828125 0.046875
0 0.04609375 0.37734375 0.0703125 0.03671875
0 0.05703125 0.35234375 0.10703125 0.0515625
0 0.0375 0.334375 0.071875 0.04140625
0 0.02890625 0.3171875 0.0546875 0.03828125
0 0.05078125 0.2859375 0.0984375 0.05859375
0 0.03203125 0.26796875 0.06015625 0.04296875
0 0.228125 0.32265625 0.0484375 0.028125
0 0.32265625 0.3171875 0.09140625 0.046875
0 0.30703125 0.2734375 0.071875 0.03828125
0 0.21953125 0.2921875 0.0453125 0.0265625
0 0.209375 0.27734375 0.0546875 0.0296875
0 0.20859375 0.26171875 0.0546875 0.03203125
0 0.2125 0.22734375 0.03671875 0.021875
0 0.30390625 0.2515625 0.08828125 0.046875
0 0.29921875 0.228125 0.1 0.05703125
0 0.3078125 0.2 0.0984375 0.053125
0 0.29453125 0.18046875 0.078125 0.0484375
0 0.29453125 0.16015625 0.0796875 0.046875
0 0.02890625 0.240625 0.0546875 0.03828125
0 0.2109375 0.1953125 0.046875 0.0265625
0 0.20546875 0.18203125 0.0515625 0.03203125
0 0.2046875 0.1640625 0.0515625 0.0296875
0 0.0453125 0.19296875 0.08671875 0.06015625
0 0.03203125 0.17578125 0.06015625 0.04140625
0 0.034375 0.14765625 0.06015625 0.03671875
0 0.0375 0.12578125 0.071875 0.0515625
0 0.21015625 0.1484375 0.0515625 0.03203125
0 0.209375 0.1328125 0.05703125 0.03671875
0 0.21953125 0.1140625 0.046875 0.0296875
0 0.290625 0.1390625 0.06328125 0.03671875
0 0.3015625 0.1 0.0796875 0.053125
0 0.31015625 0.0765625 0.08359375 0.0515625
0 0.31484375 0.05703125 0.0703125 0.0484375
0 0.228125 0.07890625 0.0546875 0.03359375
0 0.2296875 0.0625 0.053125 0.03515625
0 0.2421875 0.0453125 0.03984375 0.028125
0 0.04140625 0.09453125 0.0703125 0.03984375
0 0.053125 0.07734375 0.06015625 0.03984375
0 0.0734375 0.046875 0.078125 0.0484375
0 0.06953125 0.0265625 0.0796875 0.053125
0 0.08828125 0.01171875 0.0765625 0.0234375
0 0.31796875 0.0359375 0.075 0.0484375
0 0.24765625 0.028125 0.046875 0.03359375
0 0.33203125 0.01953125 0.0734375 0.03828125
0 0.26171875 0.00703125 0.05 0.01328125
0 0.325 0.00234375 0.0265625 0.0046875
0 0.90703125 0.88125 0.1859375 0.234375
0 0.065625 0.8171875 0.128125 0.121875