0 0.7875 0.19140625 0.2734375 0.2484375
0 0.31640625 0.98828125 0.03515625 0.01796875
0 0.00703125 0.67734375 0.01328125 0.03515625
0 0.0078125 0.76328125 0.01484375 0.04296875
0 0.06171875 0.82265625 0.021875 0.0265625
0 0.065625 0.86484375 0.01796875 0.021875
0 0.05703125 0.715625 0.025 0.0296875
0 0.115625 0.76328125 0.021875 0.0265625
0 0.15078125 0.609375 0.03828125 0.01796875
0 0.30546875 0.678125 0.03671875 0.025
0 0.1953125 0.74296875 0.021875 0.0265625
0 0.30390625 0.74765625 0.03984375 0.0265625
0 0.13359375 0.8171875 0.021875 0.025
0 0.20546875 0.8296875 0.021875 0.025
0 0.27734375 0.82578125 0.021875 0.0265625
0 0.29140625 0.8796875 0.028125 0.01640625
0 0.14140625 0.8734375 0.0203125 0.0234375
0 0.140625 0.91328125 0.021875 0.025
0 0.1828125 0.96796875 0.05 0.03203125
0 0.24296875 0.92109375 0.046875 0.03203125
0 0.34140625 0.93671875 0.0484375 0.025
0 0.3703125 0.89453125 0.0515625 0.0265625
0 0.42890625 0.93515625 0.03828125 0.0203125
0 0.41171875 0.9578125 0.025 0.01171875
0 0.40546875 0.965625 0.0265625 0.01171875
0 0.40859375 0.97421875 0.04140625 0.01796875
0 0.38828125 0.99453125 0.0265625 0.00859375
0 0.3015625 0.99140625 0.053125 0.01328125
0 0.86171875 0.9078125 0.2234375 0.18203125