0 0.86484375 0.08671875 0.2296875 0.1734375
0 0.8 0.803125 0.05 0.028125
0 0.8515625 0.8484375 0.05 0.03359375
0 0.91796875 0.66171875 0.0484375 0.03515625
0 0.81796875 0.70078125 0.06171875 0.03671875
0 0.84765625 0.6390625 0.046875 0.03203125
0 0.721875 0.559375 0.0515625 0.03515625
0 0.85234375 0.52734375 0.03984375 0.03515625
0 0.64609375 0.553125 0.028125 0.0296875
0 0.78203125 0.50703125 0.03671875 0.03359375
0 0.9140625 0.49609375 0.028125 0.01171875
0 0.27734375 0.78515625 0.5203125 0.36640625