0 0.0109375 0.059375 0.021875 0.03203125
0 0.06953125 0.23828125 0.01484375 0.00859375
0 0.07421875 0.2546875 0.028125 0.03203125
0 0.075 0.159375 0.03671875 0.0453125
0 0.11640625 0.06796875 0.03203125 0.03828125
0 0.23515625 0.1359375 0.025 0.0296875
0 0.24296875 0.20234375 0.0296875 0.03203125
0 0.18046875 0.25078125 0.0203125 0.025
0 0.36796875 0.26015625 0.021875 0.025
0 0.39609375 0.18984375 0.01796875 0.025
0 0.35859375 0.12265625 0.0265625 0.03203125
0 0.7875 0.23984375 0.1484375 0.0765625
0 0.340625 0.68359375 0.13984375 0.11796875
0 0.57734375 0.51640625 0.0546875 0.2265625
0 0.61328125 0.9453125 0.1265625 0.10703125