0 0.43828125 0.1765625 0.0796875 0.0453125
0 0.4234375 0.20234375 0.1046875 0.05703125
0 0.4 0.2171875 0.08671875 0.0484375
0 0.38515625 0.234375 0.0953125 0.053125
0 0.34296875 0.26796875 0.075 0.0453125
0 0.34765625 0.29140625 0.10703125 0.05703125
0 0.3109375 0.3046875 0.06796875 0.03671875
0 0.3125 0.328125 0.103125 0.05703125
0 0.2796875 0.3421875 0.078125 0.03984375
0 0.27578125 0.359375 0.06171875 0.03359375
0 0.578125 0.26328125 0.06640625 0.03828125
0 0.5640625 0.290625 0.05 0.0296875
0 0.53828125 0.315625 0.053125 0.03203125
0 0.528125 0.328125 0.0453125 0.0265625
0 0.51796875 0.3421875 0.0484375 0.0265625
0 0.509375 0.3546875 0.05703125 0.03359375
0 0.4578125 0.421875 0.05 0.028125
0 0.6015625 0.34921875 0.06796875 0.08671875
0 0.57265625 0.40234375 0.08359375 0.04140625
0 0.55703125 0.41484375 0.0765625 0.04140625
0 0.54609375 0.4390625 0.08828125 0.0453125
0 0.53046875 0.45703125 0.0734375 0.03828125
0 0.44609375 0.434375 0.05703125 0.0296875
0 0.44765625 0.45078125 0.05 0.028125
0 0.26328125 0.38515625 0.071875 0.03671875
0 0.25546875 0.403125 0.08828125 0.0453125
0 0.25078125 0.428125 0.0703125 0.03515625
0 0.26171875 0.453125 0.10703125 0.05
0 0.240625 0.471875 0.075 0.03828125
0 0.22890625 0.4890625 0.06484375 0.03515625
0 0.25078125 0.51953125 0.10859375 0.0546875
0 0.23046875 0.5375 0.0734375 0.03984375
0 0.43359375 0.4796875 0.0484375 0.0265625
0 0.528125 0.48359375 0.09140625 0.0453125
0 0.5125 0.52734375 0.071875 0.03671875
0 0.42578125 0.5109375 0.0453125 0.0265625
0 0.41484375 0.52578125 0.0546875 0.028125
0 0.41484375 0.540625 0.0546875 0.0296875
0 0.41953125 0.575 0.03671875 0.021875
0 0.5109375 0.55 0.08828125 0.0453125
0 0.50546875 0.57265625 0.1 0.0546875
0 0.51484375 0.60078125 0.0984375 0.0515625
0 0.5015625 0.6203125 0.078125 0.0484375
0 0.50234375 0.64140625 0.0796875 0.046875
0 0.23046875 0.565625 0.06640625 0.03671875
0 0.41796875 0.60859375 0.046875 0.0265625
0 0.4140625 0.62109375 0.0515625 0.0296875
0 0.41328125 0.6390625 0.0515625 0.0296875
0 0.2453125 0.6125 0.1015625 0.05703125
0 0.23671875 0.63046875 0.06640625 0.03828125
0 0.2421875 0.65859375 0.06015625 0.03671875
0 0.240625 0.67109375 0.08515625 0.03203125
0 0.41953125 0.6546875 0.0515625 0.0296875
0 0.41796875 0.6703125 0.05703125 0.03515625
0 0.42890625 0.6796875 0.0484375 0.01328125
0 0.5 0.6625 0.06328125 0.03671875
0 0.5109375 0.6796875 0.08203125 0.01328125
0 0.9375 0.3234375 0.121875 0.146875
0 0.90859375 0.0921875 0.1796875 0.13203125
0 0.5203125 0.8609375 0.0453125 0.04296875
0 0.928125 0.79453125 0.13984375 0.21171875