0 0.43515625 0.1203125 0.1296875 0.2234375
0 0.1859375 0.50390625 0.0515625 0.021875
0 0.18203125 0.48984375 0.05 0.021875
0 0.17421875 0.47578125 0.0484375 0.021875
0 0.165625 0.46484375 0.0515625 0.01015625
0 0.11796875 0.46328125 0.0203125 0.00703125
0 0.13046875 0.4984375 0.0265625 0.03203125
0 0.1953125 0.52265625 0.05859375 0.025
0 0.2140625 0.53984375 0.078125 0.0265625
0 0.209375 0.56015625 0.08359375 0.025
0 0.20859375 0.57890625 0.08203125 0.025
0 0.209375 0.6 0.08671875 0.028125
0 0.11640625 0.57734375 0.05859375 0.021875
0 0.11015625 0.5953125 0.06796875 0.0234375
0 0.10859375 0.61328125 0.0734375 0.0234375
0 0.20546875 0.64140625 0.09296875 0.028125
0 0.1046875 0.634375 0.08359375 0.028125
0 0.209375 0.66171875 0.09140625 0.0296875
0 0.2140625 0.68515625 0.08984375 0.028125
0 0.2125 0.7078125 0.0984375 0.0296875
0 0.203125 0.7265625 0.08515625 0.028125
0 0.2078125 0.77421875 0.103125 0.0296875
0 0.20234375 0.7921875 0.08984375 0.028125
0 0.2015625 0.81640625 0.1 0.028125
0 0.2046875 0.83671875 0.0953125 0.0296875
0 0.1984375 0.86328125 0.0953125 0.0296875
0 0.20703125 0.884375 0.11171875 0.03203125
0 0.1046875 0.65390625 0.078125 0.025
0 0.10390625 0.67421875 0.0703125 0.021875
0 0.1 0.6921875 0.09140625 0.028125
0 0.09609375 0.71328125 0.08515625 0.0265625
0 0.09921875 0.73359375 0.075 0.025
0 0.09765625 0.753125 0.08671875 0.0265625
0 0.0921875 0.77265625 0.078125 0.025
0 0.0921875 0.79140625 0.08515625 0.0265625
0 0.0953125 0.81171875 0.078125 0.025
0 0.0890625 0.8328125 0.08359375 0.025
0 0.09609375 0.84921875 0.071875 0.0234375
0 0.090625 0.87421875 0.075 0.028125
0 0.2 0.9046875 0.08828125 0.0265625
0 0.19453125 0.928125 0.08828125 0.028125
0 0.07734375 0.89609375 0.0953125 0.0296875
0 0.87421875 0.53203125 0.2484375 0.14296875