0 0.525 0.7046875 0.18359375 0.33671875
0 0.65234375 0.2671875 0.03984375 0.03984375
0 0.58203125 0.27265625 0.03359375 0.03828125
0 0.58359375 0.2375 0.028125 0.028125
0 0.44609375 0.2359375 0.025 0.0453125
0 0.51796875 0.40234375 0.0265625 0.03359375
0 0.5109375 0.36328125 0.0265625 0.025
0 0.48828125 0.37109375 0.021875 0.0234375
0 0.44140625 0.4109375 0.01640625 0.03515625
0 0.971875 0.33828125 0.03671875 0.03984375
0 0.91953125 0.37890625 0.0296875 0.03515625
0 0.6515625 0.39609375 0.0296875 0.03515625
0 0.67421875 0.47734375 0.021875 0.028125
0 0.50546875 0.48828125 0.025 0.0265625
0 0.4703125 0.51796875 0.0265625 0.0234375
0 0.48828125 0.48671875 0.021875 0.0265625
0 0.4484375 0.4921875 0.0234375 0.0265625
0 0.45078125 0.52109375 0.021875 0.01796875