0 0.65390625 0.51484375 0.0296875 0.021875
0 0.63984375 0.378125 0.03671875 0.025
0 0.68984375 0.303125 0.01640625 0.0234375
0 0.53671875 0.30703125 0.028125 0.0203125
0 0.6765625 0.178125 0.00703125 0.01328125
0 0.6859375 0.16640625 0.025 0.0265625
0 0.6015625 0.2046875 0.04296875 0.03359375
0 0.5015625 0.20390625 0.03671875 0.028125
0 0.51484375 0.06796875 0.028125 0.0234375
0 0.57265625 0.034375 0.0296875 0.0265625
0 0.64140625 0.071875 0.0234375 0.01796875
0 0.69296875 0.0421875 0.01015625 0.01796875
0 0.01328125 0.2234375 0.021875 0.01484375
0 0.80546875 0.11953125 0.21171875 0.21171875
0 0.38671875 0.95078125 0.0734375 0.0953125
0 0.70390625 0.60546875 0.00859375 0.03203125