0 0.31484375 0.271875 0.446875 0.4265625
0 0.80078125 0.56953125 0.08828125 0.01796875
0 0.81640625 0.56015625 0.096875 0.03671875
0 0.859375 0.5359375 0.075 0.0453125
0 0.85390625 0.5125 0.10703125 0.05859375
0 0.89140625 0.49921875 0.06796875 0.03671875
0 0.88984375 0.47578125 0.103125 0.05859375
0 0.92265625 0.4625 0.078125 0.03984375
0 0.92734375 0.44609375 0.06171875 0.03359375
0 0.6234375 0.53671875 0.06640625 0.03984375
0 0.63828125 0.509375 0.05 0.03203125
0 0.6640625 0.48515625 0.053125 0.03203125
0 0.67421875 0.47265625 0.0453125 0.0265625
0 0.68515625 0.45859375 0.0484375 0.028125
0 0.69453125 0.44609375 0.05703125 0.03515625
0 0.746875 0.3796875 0.05 0.028125
0 0.6015625 0.45 0.06796875 0.08828125
0 0.63203125 0.39765625 0.08359375 0.04140625
0 0.6484375 0.38515625 0.0765625 0.04296875
0 0.659375 0.36171875 0.08828125 0.046875
0 0.675 0.34453125 0.0734375 0.03828125
0 0.75859375 0.36796875 0.05703125 0.0296875
0 0.7578125 0.35078125 0.05 0.028125
0 0.940625 0.42109375 0.071875 0.03828125
0 0.9484375 0.4015625 0.08828125 0.046875
0 0.95390625 0.37734375 0.0703125 0.03671875
0 0.94296875 0.35234375 0.10703125 0.0515625
0 0.9625 0.334375 0.071875 0.04140625
0 0.97109375 0.3171875 0.0546875 0.03828125
0 0.94921875 0.2859375 0.0984375 0.05859375
0 0.96796875 0.26796875 0.06015625 0.04296875
0 0.771875 0.32265625 0.0484375 0.028125
0 0.67734375 0.3171875 0.09140625 0.046875
0 0.69296875 0.2734375 0.071875 0.03828125
0 0.78046875 0.2921875 0.0453125 0.0265625
0 0.790625 0.27734375 0.0546875 0.0296875
0 0.79140625 0.26171875 0.0546875 0.03203125
0 0.7875 0.22734375 0.03671875 0.021875
0 0.69609375 0.2515625 0.08828125 0.046875
0 0.70078125 0.228125 0.1 0.05703125
0 0.6921875 0.2 0.0984375 0.053125
0 0.70546875 0.18046875 0.078125 0.0484375
0 0.70546875 0.16015625 0.0796875 0.046875
0 0.97109375 0.240625 0.0546875 0.03828125
0 0.7890625 0.1953125 0.046875 0.0265625
0 0.79453125 0.18203125 0.0515625 0.03203125
0 0.7953125 0.1640625 0.0515625 0.0296875
0 0.9546875 0.19296875 0.08671875 0.06015625
0 0.96796875 0.17578125 0.06015625 0.04140625
0 0.965625 0.14765625 0.06015625 0.03671875
0 0.9625 0.12578125 0.071875 0.0515625
0 0.78984375 0.1484375 0.0515625 0.03203125
0 0.790625 0.1328125 0.05703125 0.03671875
0 0.78046875 0.1140625 0.046875 0.0296875
0 0.709375 0.1390625 0.06328125 0.03671875
0 0.6984375 0.1 0.0796875 0.053125
0 0.68984375 0.0765625 0.08359375 0.0515625
0 0.68515625 0.05703125 0.0703125 0.0484375
0 0.771875 0.07890625 0.0546875 0.03359375
0 0.7703125 0.0625 0.053125 0.03515625
0 0.7578125 0.0453125 0.03984375 0.028125
0 0.95859375 0.09453125 0.0703125 0.03984375
0 0.946875 0.07734375 0.06015625 0.03984375
0 0.9265625 0.046875 0.078125 0.0484375
0 0.93046875 0.0265625 0.0796875 0.053125
0 0.91171875 0.01171875 0.0765625 0.0234375
0 0.68203125 0.0359375 0.075 0.0484375
0 0.75234375 0.028125 0.046875 0.03359375
0 0.66796875 0.01953125 0.0734375 0.03828125
0 0.73828125 0.00703125 0.05 0.01328125
0 0.675 0.00234375 0.0265625 0.0046875
0 0.09296875 0.88125 0.1859375 0.234375
0 0.934375 0.8171875 0.128125 0.121875