0 0.43515625 0.8796875 0.1296875 0.2234375
0 0.1859375 0.49609375 0.0515625 0.021875
0 0.18203125 0.51015625 0.05 0.021875
0 0.17421875 0.52421875 0.0484375 0.021875
0 0.165625 0.53515625 0.0515625 0.01015625
0 0.11796875 0.53671875 0.0203125 0.00703125
0 0.13046875 0.5015625 0.0265625 0.03203125
0 0.1953125 0.47734375 0.05859375 0.025
0 0.2140625 0.46015625 0.078125 0.0265625
0 0.209375 0.43984375 0.08359375 0.025
0 0.20859375 0.42109375 0.08203125 0.025
0 0.209375 0.4 0.08671875 0.028125
0 0.11640625 0.42265625 0.05859375 0.021875
0 0.11015625 0.4046875 0.06796875 0.0234375
0 0.10859375 0.38671875 0.0734375 0.0234375
0 0.20546875 0.35859375 0.09296875 0.028125
0 0.1046875 0.365625 0.08359375 0.028125
0 0.209375 0.33828125 0.09140625 0.0296875
0 0.2140625 0.31484375 0.08984375 0.028125
0 0.2125 0.2921875 0.0984375 0.0296875
0 0.203125 0.2734375 0.08515625 0.028125
0 0.2078125 0.22578125 0.103125 0.0296875
0 0.20234375 0.2078125 0.08984375 0.028125
0 0.2015625 0.18359375 0.1 0.028125
0 0.2046875 0.16328125 0.0953125 0.0296875
0 0.1984375 0.13671875 0.0953125 0.0296875
0 0.20703125 0.115625 0.11171875 0.03203125
0 0.1046875 0.34609375 0.078125 0.025
0 0.10390625 0.32578125 0.0703125 0.021875
0 0.1 0.3078125 0.09140625 0.028125
0 0.09609375 0.28671875 0.08515625 0.0265625
0 0.09921875 0.26640625 0.075 0.025
0 0.09765625 0.246875 0.08671875 0.0265625
0 0.0921875 0.22734375 0.078125 0.025
0 0.0921875 0.20859375 0.08515625 0.0265625
0 0.0953125 0.18828125 0.078125 0.025
0 0.0890625 0.1671875 0.08359375 0.025
0 0.09609375 0.15078125 0.071875 0.0234375
0 0.090625 0.12578125 0.075 0.028125
0 0.2 0.0953125 0.08828125 0.0265625
0 0.19453125 0.071875 0.08828125 0.028125
0 0.07734375 0.10390625 0.0953125 0.0296875
0 0.87421875 0.46796875 0.2484375 0.14296875