0 0.34609375 0.48515625 0.0296875 0.021875
0 0.36015625 0.621875 0.03671875 0.025
0 0.31015625 0.696875 0.01640625 0.0234375
0 0.46328125 0.69296875 0.028125 0.0203125
0 0.3234375 0.821875 0.00703125 0.01328125
0 0.3140625 0.83359375 0.025 0.0265625
0 0.3984375 0.7953125 0.04296875 0.03359375
0 0.4984375 0.79609375 0.03671875 0.028125
0 0.48515625 0.93203125 0.028125 0.0234375
0 0.42734375 0.965625 0.0296875 0.0265625
0 0.35859375 0.928125 0.0234375 0.01796875
0 0.30703125 0.9578125 0.01015625 0.01796875
0 0.98671875 0.7765625 0.021875 0.01484375
0 0.19453125 0.88046875 0.21171875 0.21171875
0 0.61328125 0.04921875 0.0734375 0.0953125
0 0.29609375 0.39453125 0.00859375 0.03203125