0 0.43828125 0.8234375 0.0796875 0.0453125
0 0.4234375 0.79765625 0.1046875 0.05703125
0 0.4 0.7828125 0.08671875 0.0484375
0 0.38515625 0.765625 0.0953125 0.053125
0 0.34296875 0.73203125 0.075 0.0453125
0 0.34765625 0.70859375 0.10703125 0.05703125
0 0.3109375 0.6953125 0.06796875 0.03671875
0 0.3125 0.671875 0.103125 0.05703125
0 0.2796875 0.6578125 0.078125 0.03984375
0 0.27578125 0.640625 0.06171875 0.03359375
0 0.578125 0.73671875 0.06640625 0.03828125
0 0.5640625 0.709375 0.05 0.0296875
0 0.53828125 0.684375 0.053125 0.03203125
0 0.528125 0.671875 0.0453125 0.0265625
0 0.51796875 0.6578125 0.0484375 0.0265625
0 0.509375 0.6453125 0.05703125 0.03359375
0 0.4578125 0.578125 0.05 0.028125
0 0.6015625 0.65078125 0.06796875 0.08671875
0 0.57265625 0.59765625 0.08359375 0.04140625
0 0.55703125 0.58515625 0.0765625 0.04140625
0 0.54609375 0.5609375 0.08828125 0.0453125
0 0.53046875 0.54296875 0.0734375 0.03828125
0 0.44609375 0.565625 0.05703125 0.0296875
0 0.44765625 0.54921875 0.05 0.028125
0 0.26328125 0.61484375 0.071875 0.03671875
0 0.25546875 0.596875 0.08828125 0.0453125
0 0.25078125 0.571875 0.0703125 0.03515625
0 0.26171875 0.546875 0.10703125 0.05
0 0.240625 0.528125 0.075 0.03828125
0 0.22890625 0.5109375 0.06484375 0.03515625
0 0.25078125 0.48046875 0.10859375 0.0546875
0 0.23046875 0.4625 0.0734375 0.03984375
0 0.43359375 0.5203125 0.0484375 0.0265625
0 0.528125 0.51640625 0.09140625 0.0453125
0 0.5125 0.47265625 0.071875 0.03671875
0 0.42578125 0.4890625 0.0453125 0.0265625
0 0.41484375 0.47421875 0.0546875 0.028125
0 0.41484375 0.459375 0.0546875 0.0296875
0 0.41953125 0.425 0.03671875 0.021875
0 0.5109375 0.45 0.08828125 0.0453125
0 0.50546875 0.42734375 0.1 0.0546875
0 0.51484375 0.39921875 0.0984375 0.0515625
0 0.5015625 0.3796875 0.078125 0.0484375
0 0.50234375 0.35859375 0.0796875 0.046875
0 0.23046875 0.434375 0.06640625 0.03671875
0 0.41796875 0.39140625 0.046875 0.0265625
0 0.4140625 0.37890625 0.0515625 0.0296875
0 0.41328125 0.3609375 0.0515625 0.0296875
0 0.2453125 0.3875 0.1015625 0.05703125
0 0.23671875 0.36953125 0.06640625 0.03828125
0 0.2421875 0.34140625 0.06015625 0.03671875
0 0.240625 0.32890625 0.08515625 0.03203125
0 0.41953125 0.3453125 0.0515625 0.0296875
0 0.41796875 0.3296875 0.05703125 0.03515625
0 0.42890625 0.3203125 0.0484375 0.01328125
0 0.5 0.3375 0.06328125 0.03671875
0 0.5109375 0.3203125 0.08203125 0.01328125
0 0.9375 0.6765625 0.121875 0.146875
0 0.90859375 0.9078125 0.1796875 0.13203125
0 0.5203125 0.1390625 0.0453125 0.04296875
0 0.928125 0.20546875 0.13984375 0.21171875