0 0.7125 0.76953125 0.2453125 0.31171875
0 0.86015625 0.86640625 0.2765625 0.26640625
0 0.15390625 0.0734375 0.2484375 0.14296875
0 0.63671875 0.48984375 0.00703125 0.021875
0 0.65390625 0.490625 0.00703125 0.025
0 0.678125 0.490625 0.00703125 0.0234375
0 0.6875 0.49453125 0.00703125 0.03203125
0 0.70234375 0.48828125 0.00703125 0.021875
0 0.7109375 0.49140625 0.00703125 0.0296875
0 0.7015625 0.453125 0.00703125 0.0296875
0 0.6921875 0.28671875 0.01328125 0.05703125
0 0.6859375 0.20390625 0.01328125 0.078125
0 0.79296875 0.02421875 0.03359375 0.0453125
0 0.8 0.06640625 0.00703125 0.00703125
0 0.796875 0.07734375 0.03671875 0.0203125
0 0.7640625 0.05 0.00859375 0.00859375
0 0.7640625 0.096875 0.01171875 0.08359375
0 0.79453125 0.14453125 0.0296875 0.0203125
0 0.7828125 0.21015625 0.00703125 0.01328125
0 0.76328125 0.21171875 0.01484375 0.06484375
0 0.7984375 0.23359375 0.03515625 0.0203125
0 0.74765625 0.2953125 0.01171875 0.06328125
0 0.72734375 0.4546875 0.00703125 0.0265625
0 0.728125 0.490625 0.00703125 0.0265625
0 0.7375 0.4921875 0.00859375 0.03203125
0 0.734375 0.45703125 0.00703125 0.0234375
0 0.759375 0.4546875 0.00703125 0.0234375
0 0.7765625 0.48828125 0.00703125 0.0265625
0 0.759375 0.4859375 0.00703125 0.0234375
0 0.77578125 0.453125 0.00703125 0.0265625
0 0.78515625 0.45390625 0.00703125 0.0265625
0 0.8 0.4515625 0.00703125 0.0265625
0 0.809375 0.48828125 0.00703125 0.0265625
0 0.83359375 0.453125 0.00703125 0.0265625
0 0.8484375 0.4515625 0.00703125 0.0265625
0 0.85859375 0.43984375 0.00859375 0.04296875
0 0.859375 0.4875 0.00703125 0.0234375
0 0.87109375 0.4375 0.01328125 0.053125
0 0.8953125 0.43515625 0.01171875 0.05703125
0 0.84453125 0.28515625 0.01171875 0.06328125
0 0.878125 0.23515625 0.05 0.01796875
0 0.90078125 0.28359375 0.01171875 0.053125
0 0.921875 0.49765625 0.01640625 0.0453125
0 0.971875 0.49609375 0.01328125 0.0484375
0 0.92109375 0.18046875 0.01796875 0.08984375
0 0.896875 0.0234375 0.01640625 0.04296875
0 0.60546875 0.290625 0.01015625 0.046875
0 0.67734375 0.45390625 0.00703125 0.028125
0 0.65234375 0.45859375 0.01015625 0.0296875
0 0.62734375 0.45546875 0.01015625 0.0296875
0 0.59921875 0.45 0.01015625 0.03984375
0 0.64921875 0.209375 0.01640625 0.06484375
0 0.63359375 0.2125 0.01484375 0.08359375