0 0.1078125 0.5 0.16484375 0.11640625
0 0.73203125 0.25546875 0.38671875 0.2265625
0 0.15859375 0.99296875 0.09296875 0.01015625
0 0.1734375 0.96796875 0.071875 0.03828125
0 0.26171875 0.9859375 0.046875 0.025
0 0.27109375 0.97265625 0.0546875 0.0296875
0 0.271875 0.95703125 0.0546875 0.03203125
0 0.2671875 0.92265625 0.03671875 0.021875
0 0.17578125 0.946875 0.08828125 0.046875
0 0.18046875 0.9234375 0.1 0.05703125
0 0.17265625 0.8953125 0.0984375 0.053125
0 0.1859375 0.87578125 0.078125 0.0484375
0 0.1859375 0.8546875 0.0796875 0.046875
0 0.26953125 0.88984375 0.046875 0.0265625
0 0.27421875 0.8765625 0.0515625 0.03203125
0 0.275 0.859375 0.0515625 0.0296875
0 0.2703125 0.84296875 0.0515625 0.03203125
0 0.27109375 0.82734375 0.05703125 0.03671875
0 0.2609375 0.809375 0.046875 0.0296875
0 0.1890625 0.834375 0.06328125 0.03671875
0 0.178125 0.7953125 0.0796875 0.053125
0 0.1703125 0.771875 0.08359375 0.0515625
0 0.16484375 0.7515625 0.0703125 0.0484375
0 0.2515625 0.77421875 0.0546875 0.03359375
0 0.25 0.7578125 0.053125 0.03515625
0 0.2375 0.73984375 0.03984375 0.028125
0 0.16171875 0.73046875 0.075 0.0484375
0 0.2328125 0.7234375 0.046875 0.03359375
0 0.14765625 0.70859375 0.071875 0.046875
0 0.21796875 0.6890625 0.0484375 0.03515625
0 0.20390625 0.653125 0.0515625 0.03828125
0 0.15390625 0.6875 0.025 0.021875
0 0.12578125 0.6671875 0.05703125 0.0453125
0 0.12109375 0.646875 0.05703125 0.04140625
0 0.009375 0.81640625 0.01796875 0.04296875