0 0.68515625 0.728125 0.446875 0.4265625
0 0.19921875 0.43046875 0.08828125 0.01796875
0 0.18359375 0.43984375 0.096875 0.03671875
0 0.140625 0.4640625 0.075 0.0453125
0 0.14609375 0.4875 0.10703125 0.05859375
0 0.10859375 0.50078125 0.06796875 0.03671875
0 0.11015625 0.52421875 0.103125 0.05859375
0 0.07734375 0.5375 0.078125 0.03984375
0 0.07265625 0.55390625 0.06171875 0.03359375
0 0.3765625 0.46328125 0.06640625 0.03984375
0 0.36171875 0.490625 0.05 0.03203125
0 0.3359375 0.51484375 0.053125 0.03203125
0 0.32578125 0.52734375 0.0453125 0.0265625
0 0.31484375 0.54140625 0.0484375 0.028125
0 0.30546875 0.55390625 0.05703125 0.03515625
0 0.253125 0.6203125 0.05 0.028125
0 0.3984375 0.55 0.06796875 0.08828125
0 0.36796875 0.60234375 0.08359375 0.04140625
0 0.3515625 0.61484375 0.0765625 0.04296875
0 0.340625 0.63828125 0.08828125 0.046875
0 0.325 0.65546875 0.0734375 0.03828125
0 0.24140625 0.63203125 0.05703125 0.0296875
0 0.2421875 0.64921875 0.05 0.028125
0 0.059375 0.57890625 0.071875 0.03828125
0 0.0515625 0.5984375 0.08828125 0.046875
0 0.04609375 0.62265625 0.0703125 0.03671875
0 0.05703125 0.64765625 0.10703125 0.0515625
0 0.0375 0.665625 0.071875 0.04140625
0 0.02890625 0.6828125 0.0546875 0.03828125
0 0.05078125 0.7140625 0.0984375 0.05859375
0 0.03203125 0.73203125 0.06015625 0.04296875
0 0.228125 0.67734375 0.0484375 0.028125
0 0.32265625 0.6828125 0.09140625 0.046875
0 0.30703125 0.7265625 0.071875 0.03828125
0 0.21953125 0.7078125 0.0453125 0.0265625
0 0.209375 0.72265625 0.0546875 0.0296875
0 0.20859375 0.73828125 0.0546875 0.03203125
0 0.2125 0.77265625 0.03671875 0.021875
0 0.30390625 0.7484375 0.08828125 0.046875
0 0.29921875 0.771875 0.1 0.05703125
0 0.3078125 0.8 0.0984375 0.053125
0 0.29453125 0.81953125 0.078125 0.0484375
0 0.29453125 0.83984375 0.0796875 0.046875
0 0.02890625 0.759375 0.0546875 0.03828125
0 0.2109375 0.8046875 0.046875 0.0265625
0 0.20546875 0.81796875 0.0515625 0.03203125
0 0.2046875 0.8359375 0.0515625 0.0296875
0 0.0453125 0.80703125 0.08671875 0.06015625
0 0.03203125 0.82421875 0.06015625 0.04140625
0 0.034375 0.85234375 0.06015625 0.03671875
0 0.0375 0.87421875 0.071875 0.0515625
0 0.21015625 0.8515625 0.0515625 0.03203125
0 0.209375 0.8671875 0.05703125 0.03671875
0 0.21953125 0.8859375 0.046875 0.0296875
0 0.290625 0.8609375 0.06328125 0.03671875
0 0.3015625 0.9 0.0796875 0.053125
0 0.31015625 0.9234375 0.08359375 0.0515625
0 0.31484375 0.94296875 0.0703125 0.0484375
0 0.228125 0.92109375 0.0546875 0.03359375
0 0.2296875 0.9375 0.053125 0.03515625
0 0.2421875 0.9546875 0.03984375 0.028125
0 0.04140625 0.90546875 0.0703125 0.03984375
0 0.053125 0.92265625 0.06015625 0.03984375
0 0.0734375 0.953125 0.078125 0.0484375
0 0.06953125 0.9734375 0.0796875 0.053125
0 0.08828125 0.98828125 0.0765625 0.0234375
0 0.31796875 0.9640625 0.075 0.0484375
0 0.24765625 0.971875 0.046875 0.03359375
0 0.33203125 0.98046875 0.0734375 0.03828125
0 0.26171875 0.99296875 0.05 0.01328125
0 0.325 0.99765625 0.0265625 0.0046875
0 0.90703125 0.11875 0.1859375 0.234375
0 0.065625 0.1828125 0.128125 0.121875