0 0.0109375 0.940625 0.021875 0.03203125
0 0.06953125 0.76171875 0.01484375 0.00859375
0 0.07421875 0.7453125 0.028125 0.03203125
0 0.075 0.840625 0.03671875 0.0453125
0 0.11640625 0.93203125 0.03203125 0.03828125
0 0.23515625 0.8640625 0.025 0.0296875
0 0.24296875 0.79765625 0.0296875 0.03203125
0 0.18046875 0.74921875 0.0203125 0.025
0 0.36796875 0.73984375 0.021875 0.025
0 0.39609375 0.81015625 0.01796875 0.025
0 0.35859375 0.87734375 0.0265625 0.03203125
0 0.7875 0.76015625 0.1484375 0.0765625
0 0.340625 0.31640625 0.13984375 0.11796875
0 0.57734375 0.48359375 0.0546875 0.2265625
0 0.61328125 0.0546875 0.1265625 0.10703125