0 0.14609375 0.315625 0.125 0.078125
0 0.9203125 0.66953125 0.0203125 0.01640625
0 0.90234375 0.54765625 0.028125 0.01796875
0 0.98828125 0.5453125 0.0203125 0.0203125
0 0.9046875 0.41015625 0.03359375 0.021875
0 0.97109375 0.3421875 0.028125 0.01796875
0 0.81171875 0.3265625 0.0265625 0.01796875
0 0.965625 0.215625 0.0046875 0.01328125
0 0.9796875 0.20546875 0.0265625 0.0234375
0 0.88828125 0.23359375 0.04140625 0.028125
0 0.7890625 0.2203125 0.03359375 0.025
0 0.81953125 0.0875 0.025 0.021875
0 0.88046875 0.06015625 0.0265625 0.025
0 0.9453125 0.10546875 0.021875 0.01484375
0 0.03984375 0.9140625 0.0796875 0.16796875
0 0.80703125 0.7078125 0.096875 0.0546875