0 0.015625 0.0640625 0.03125 0.128125
0 0.615625 0.18203125 0.046875 0.03203125
0 0.81015625 0.1890625 0.1484375 0.0984375
0 0.08671875 0.653125 0.1734375 0.3296875
0 0.83359375 0.60703125 0.04296875 0.021875
0 0.8390625 0.5953125 0.0453125 0.0234375
0 0.83515625 0.58046875 0.05703125 0.0265625
0 0.709375 0.5375 0.06796875 0.03359375
0 0.6671875 0.62890625 0.028125 0.01640625
0 0.64140625 0.7 0.0234375 0.01328125
0 0.63828125 0.71640625 0.0265625 0.01328125
0 0.80078125 0.70859375 0.046875 0.0234375
0 0.784375 0.753125 0.046875 0.0234375
0 0.9796875 0.8640625 0.03671875 0.021875
0 0.775 0.77578125 0.046875 0.0234375
0 0.76171875 0.8203125 0.046875 0.0234375
0 0.63046875 0.73984375 0.025 0.01328125
0 0.63046875 0.75 0.03203125 0.01640625
0 0.621875 0.76328125 0.0234375 0.01328125
0 0.62265625 0.771875 0.0296875 0.01484375
0 0.58828125 0.7515625 0.0296875 0.01484375
0 0.43203125 0.69453125 0.05703125 0.028125
0 0.35390625 0.66328125 0.078125 0.03515625
0 0.33203125 0.7578125 0.01484375 0.01015625
0 0.3390625 0.73984375 0.06640625 0.03359375
0 0.35 0.7796875 0.0296875 0.03984375
0 0.4234375 0.75 0.06328125 0.028125
0 0.58203125 0.7765625 0.0265625 0.01484375
0 0.615625 0.7875 0.0265625 0.01484375
0 0.61484375 0.796875 0.03359375 0.01796875
0 0.58203125 0.78359375 0.025 0.01328125
0 0.5734375 0.8078125 0.025 0.01328125
0 0.59921875 0.834375 0.0265625 0.01484375
0 0.60234375 0.81640625 0.025 0.01328125
0 0.56640625 0.82265625 0.0265625 0.01484375
0 0.5640625 0.83203125 0.0265625 0.01484375
0 0.55859375 0.8453125 0.0265625 0.01484375
0 0.7515625 0.8421875 0.0515625 0.025
0 0.79765625 0.86015625 0.01015625 0.00859375
0 0.80546875 0.87265625 0.046875 0.021875
0 0.74296875 0.8890625 0.03984375 0.0203125
0 0.7890625 0.88828125 0.025 0.01328125
0 0.79453125 0.90546875 0.04296875 0.021875
0 0.790625 0.91640625 0.0453125 0.0234375
0 0.72265625 0.93203125 0.0484375 0.025
0 0.72421875 0.94296875 0.0453125 0.0234375
0 0.71484375 0.965625 0.046875 0.0234375
0 0.7078125 0.9875 0.0484375 0.021875
0 0.58984375 0.8640625 0.0265625 0.01484375
0 0.54921875 0.87734375 0.0265625 0.01484375
0 0.54453125 0.89140625 0.0265625 0.01484375
0 0.5296875 0.89765625 0.04296875 0.021875
0 0.575 0.91171875 0.025 0.01328125
0 0.5234375 0.909375 0.0546875 0.028125
0 0.5140625 0.93203125 0.05703125 0.0265625
0 0.3859375 0.8390625 0.06328125 0.028125
0 0.32734375 0.85703125 0.03203125 0.053125
0 0.3671875 0.8921875 0.053125 0.0265625
0 0.571875 0.9765625 0.0546875 0.028125
0 0.3 0.8828125 0.0203125 0.0453125
0 0.3234375 0.99140625 0.03671875 0.01328125
0 0.890625 0.99140625 0.028125 0.01328125
0 0.94140625 0.9921875 0.04296875 0.01171875
0 0.88984375 0.9796875 0.0453125 0.0234375
0 0.8953125 0.9703125 0.03984375 0.0203125
0 0.94765625 0.9765625 0.04296875 0.021875
0 0.95 0.965625 0.03671875 0.0203125
0 0.8953125 0.959375 0.0453125 0.0234375
0 0.9015625 0.95 0.03671875 0.01796875
0 0.90234375 0.93828125 0.0453125 0.0234375
0 0.909375 0.93203125 0.03828125 0.021875
0 0.91171875 0.91796875 0.046875 0.0234375
0 0.915625 0.909375 0.03828125 0.0203125
0 0.95859375 0.93359375 0.03359375 0.01796875
0 0.96328125 0.91171875 0.0265625 0.01484375
0 0.92109375 0.89921875 0.03515625 0.01796875
0 0.92265625 0.8875 0.03671875 0.0203125
0 0.92421875 0.8765625 0.0453125 0.0234375
0 0.9265625 0.8671875 0.04296875 0.021875
0 0.93671875 0.85 0.03671875 0.01796875
0 0.93671875 0.83671875 0.0453125 0.0234375
0 0.98515625 0.84296875 0.0265625 0.01640625
0 0.94609375 0.81953125 0.03203125 0.01640625
0 0.990625 0.815625 0.01484375 0.01796875
0 0.95859375 0.7796875 0.03671875 0.01796875
0 0.9625 0.7703125 0.025 0.01328125
0 0.9921875 0.7875 0.01171875 0.025
0 0.97421875 0.73046875 0.03203125 0.01640625
0 0.98359375 0.72421875 0.0265625 0.01328125
0 0.978125 0.71328125 0.03984375 0.0234375
0 0.9828125 0.6921875 0.03203125 0.021875
0 0.98359375 0.6796875 0.0296875 0.0203125
0 0.86953125 0.55859375 0.00859375 0.0046875
0 0.85 0.5609375 0.04140625 0.021875
0 0.85 0.54921875 0.046875 0.0234375
0 0.85390625 0.5375 0.046875 0.0234375
0 0.91171875 0.5578125 0.046875 0.025
0 0.9875 0.6625 0.021875 0.01796875
0 0.9875 0.640625 0.021875 0.025
0 0.4609375 0.61328125 0.046875 0.0234375
0 0.59609375 0.728125 0.028125 0.01484375
0 0.6078125 0.70546875 0.03203125 0.01796875
0 0.6125 0.68203125 0.03203125 0.01796875
0 0.61484375 0.65234375 0.04140625 0.021875
0 0.62890625 0.590625 0.0515625 0.0265625
0 0.6453125 0.57265625 0.03828125 0.021875
0 0.6390625 0.540625 0.05859375 0.0296875
0 0.3703125 0.6296875 0.06640625 0.03515625
0 0.37734375 0.615625 0.08359375 0.03828125
0 0.4828125 0.49140625 0.06796875 0.0515625
0 0.60546875 0.45703125 0.06484375 0.05
0 0.69453125 0.43984375 0.0484375 0.0203125