0 0.1796875 0.259375 0.03984375 0.0796875
0 0.21015625 0.25859375 0.0515625 0.1046875
0 0.23515625 0.26953125 0.04296875 0.08671875
0 0.2578125 0.2734375 0.05 0.0953125
0 0.30859375 0.2890625 0.04140625 0.075
0 0.32578125 0.27265625 0.053125 0.10703125
0 0.35703125 0.296875 0.03359375 0.06796875
0 0.37578125 0.28203125 0.0515625 0.103125
0 0.396875 0.3015625 0.0203125 0.0796875
0 0.17578125 0.0953125 0.03515625 0.06640625
0 0.2078125 0.09140625 0.028125 0.05
0 0.2421875 0.09921875 0.028125 0.053125
0 0.25859375 0.10078125 0.0234375 0.0453125
0 0.27578125 0.1015625 0.025 0.0484375
0 0.29140625 0.10234375 0.03203125 0.05703125
0 0.375 0.109375 0.025 0.05
0 0.23515625 0.03046875 0.0890625 0.0609375
0 0.29609375 0.03359375 0.03828125 0.06640625
0 0.31640625 0.03515625 0.03984375 0.0703125
0 0.34140625 0.0359375 0.04296875 0.071875
0 0.36484375 0.03359375 0.03671875 0.06640625
0 0.39140625 0.1125 0.0265625 0.05703125
0 0.39921875 0.10234375 0.01484375 0.0515625
0 0.38671875 0.0328125 0.03984375 0.06484375
0 0.8046875 0.22421875 0.221875 0.2953125
0 0.61953125 0.6203125 0.278125 0.13984375