0 0.13515625 0.08671875 0.2296875 0.1734375
0 0.2 0.803125 0.05 0.028125
0 0.1484375 0.8484375 0.05 0.03359375
0 0.08203125 0.66171875 0.0484375 0.03515625
0 0.18203125 0.70078125 0.06171875 0.03671875
0 0.15234375 0.6390625 0.046875 0.03203125
0 0.278125 0.559375 0.0515625 0.03515625
0 0.14765625 0.52734375 0.03984375 0.03515625
0 0.35390625 0.553125 0.028125 0.0296875
0 0.21796875 0.50703125 0.03671875 0.03359375
0 0.0859375 0.49609375 0.028125 0.01171875
0 0.72265625 0.78515625 0.5203125 0.36640625