0 0.0515625 0.2734375 0.103125 0.23359375
0 0.5796875 0.38046875 0.0234375 0.0953125
0 0.58828125 0.40234375 0.0296875 0.0515625
0 0.6046875 0.4078125 0.0265625 0.04140625
0 0.57421875 0.18828125 0.01171875 0.05703125
0 0.63828125 0.228125 0.0203125 0.05
0 0.57734375 0.0984375 0.01796875 0.06015625
0 0.6015625 0.1171875 0.0296875 0.08359375
0 0.61640625 0.13203125 0.03203125 0.075
0 0.64140625 0.13828125 0.03359375 0.08828125
0 0.66171875 0.15078125 0.028125 0.0734375
0 0.65234375 0.2375 0.021875 0.05703125
0 0.66953125 0.23359375 0.0203125 0.05
0 0.6328125 0.409375 0.028125 0.03828125
0 0.65234375 0.40703125 0.03515625 0.04296875
0 0.678125 0.4125 0.0265625 0.03203125
0 0.7 0.3953125 0.03671875 0.06640625
0 0.721875 0.4125 0.0296875 0.03203125
0 0.740625 0.41953125 0.028125 0.01796875
0 0.7671875 0.39609375 0.04140625 0.06484375
0 0.7890625 0.41328125 0.03203125 0.0296875
0 0.69921875 0.2421875 0.0203125 0.0484375
0 0.68828125 0.14921875 0.03203125 0.09140625
0 0.734375 0.1578125 0.0265625 0.071875
0 0.73046875 0.24609375 0.0203125 0.0453125
0 0.74765625 0.25390625 0.021875 0.0546875
0 0.76328125 0.2515625 0.0234375 0.0546875
0 0.79609375 0.24140625 0.01640625 0.03671875
0 0.75703125 0.15546875 0.03359375 0.08828125
0 0.7796875 0.15703125 0.04140625 0.1
0 0.80703125 0.14296875 0.03828125 0.0984375
0 0.82734375 0.153125 0.03828125 0.0765625
0 0.8484375 0.15 0.03515625 0.0796875
0 0.815625 0.4125 0.028125 0.03203125
0 0.828125 0.23828125 0.0203125 0.046875
0 0.84140625 0.23984375 0.0234375 0.05
0 0.86015625 0.2375 0.0234375 0.0515625
0 0.8609375 0.3921875 0.0453125 0.071875
0 0.87890625 0.4046875 0.03203125 0.046875
0 0.90703125 0.4015625 0.0296875 0.053125
0 0.928125 0.39453125 0.03984375 0.06796875
0 0.87421875 0.2296875 0.0234375 0.05
0 0.88984375 0.228125 0.028125 0.0546875
0 0.90703125 0.215625 0.0234375 0.0453125
0 0.8703125 0.14921875 0.0265625 0.06171875
0 0.90546875 0.13203125 0.04296875 0.0765625
0 0.92734375 0.11953125 0.03984375 0.08203125
0 0.946875 0.1109375 0.03828125 0.06796875
0 0.9390625 0.20078125 0.0265625 0.053125
0 0.9546875 0.19609375 0.028125 0.053125
0 0.9703125 0.1796875 0.021875 0.03828125
0 0.95703125 0.38671875 0.0296875 0.06796875
0 0.97109375 0.37265625 0.03203125 0.05859375
0 0.98828125 0.34765625 0.0203125 0.078125
0 0.965625 0.10390625 0.03671875 0.0734375
0 0.9859375 0.17265625 0.0265625 0.046875
0 0.9828125 0.0875 0.03203125 0.071875
0 0.05703125 0.4578125 0.11328125 0.0546875