0 0.85390625 0.684375 0.125 0.078125
0 0.0796875 0.33046875 0.0203125 0.01640625
0 0.09765625 0.45234375 0.028125 0.01796875
0 0.01171875 0.4546875 0.0203125 0.0203125
0 0.0953125 0.58984375 0.03359375 0.021875
0 0.02890625 0.6578125 0.028125 0.01796875
0 0.18828125 0.6734375 0.0265625 0.01796875
0 0.034375 0.784375 0.0046875 0.01328125
0 0.0203125 0.79453125 0.0265625 0.0234375
0 0.11171875 0.76640625 0.04140625 0.028125
0 0.2109375 0.7796875 0.03359375 0.025
0 0.18046875 0.9125 0.025 0.021875
0 0.11953125 0.93984375 0.0265625 0.025
0 0.0546875 0.89453125 0.021875 0.01484375
0 0.96015625 0.0859375 0.0796875 0.16796875
0 0.19296875 0.2921875 0.096875 0.0546875