0 0.8921875 0.5 0.16484375 0.11640625
0 0.26796875 0.25546875 0.38671875 0.2265625
0 0.84140625 0.99296875 0.09296875 0.01015625
0 0.8265625 0.96796875 0.071875 0.03828125
0 0.73828125 0.9859375 0.046875 0.025
0 0.72890625 0.97265625 0.0546875 0.0296875
0 0.728125 0.95703125 0.0546875 0.03203125
0 0.7328125 0.92265625 0.03671875 0.021875
0 0.82421875 0.946875 0.08828125 0.046875
0 0.81953125 0.9234375 0.1 0.05703125
0 0.82734375 0.8953125 0.0984375 0.053125
0 0.8140625 0.87578125 0.078125 0.0484375
0 0.8140625 0.8546875 0.0796875 0.046875
0 0.73046875 0.88984375 0.046875 0.0265625
0 0.72578125 0.8765625 0.0515625 0.03203125
0 0.725 0.859375 0.0515625 0.0296875
0 0.7296875 0.84296875 0.0515625 0.03203125
0 0.72890625 0.82734375 0.05703125 0.03671875
0 0.7390625 0.809375 0.046875 0.0296875
0 0.8109375 0.834375 0.06328125 0.03671875
0 0.821875 0.7953125 0.0796875 0.053125
0 0.8296875 0.771875 0.08359375 0.0515625
0 0.83515625 0.7515625 0.0703125 0.0484375
0 0.7484375 0.77421875 0.0546875 0.03359375
0 0.75 0.7578125 0.053125 0.03515625
0 0.7625 0.73984375 0.03984375 0.028125
0 0.83828125 0.73046875 0.075 0.0484375
0 0.7671875 0.7234375 0.046875 0.03359375
0 0.85234375 0.70859375 0.071875 0.046875
0 0.78203125 0.6890625 0.0484375 0.03515625
0 0.79609375 0.653125 0.0515625 0.03828125
0 0.84609375 0.6875 0.025 0.021875
0 0.87421875 0.6671875 0.05703125 0.0453125
0 0.87890625 0.646875 0.05703125 0.04140625
0 0.990625 0.81640625 0.01796875 0.04296875