0 0.2125 0.80859375 0.2734375 0.2484375
0 0.68359375 0.01171875 0.03515625 0.01796875
0 0.99296875 0.32265625 0.01328125 0.03515625
0 0.9921875 0.23671875 0.01484375 0.04296875
0 0.93828125 0.17734375 0.021875 0.0265625
0 0.934375 0.13515625 0.01796875 0.021875
0 0.94296875 0.284375 0.025 0.0296875
0 0.884375 0.23671875 0.021875 0.0265625
0 0.84921875 0.390625 0.03828125 0.01796875
0 0.69453125 0.321875 0.03671875 0.025
0 0.8046875 0.25703125 0.021875 0.0265625
0 0.69609375 0.25234375 0.03984375 0.0265625
0 0.86640625 0.1828125 0.021875 0.025
0 0.79453125 0.1703125 0.021875 0.025
0 0.72265625 0.17421875 0.021875 0.0265625
0 0.70859375 0.1203125 0.028125 0.01640625
0 0.85859375 0.1265625 0.0203125 0.0234375
0 0.859375 0.08671875 0.021875 0.025
0 0.8171875 0.03203125 0.05 0.03203125
0 0.75703125 0.07890625 0.046875 0.03203125
0 0.65859375 0.06328125 0.0484375 0.025
0 0.6296875 0.10546875 0.0515625 0.0265625
0 0.57109375 0.06484375 0.03828125 0.0203125
0 0.58828125 0.0421875 0.025 0.01171875
0 0.59453125 0.034375 0.0265625 0.01171875
0 0.59140625 0.02578125 0.04140625 0.01796875
0 0.61171875 0.00546875 0.0265625 0.00859375
0 0.6984375 0.00859375 0.053125 0.01328125
0 0.13828125 0.0921875 0.2234375 0.18203125