0 0.9484375 0.2734375 0.103125 0.23359375
0 0.4203125 0.38046875 0.0234375 0.0953125
0 0.41171875 0.40234375 0.0296875 0.0515625
0 0.3953125 0.4078125 0.0265625 0.04140625
0 0.42578125 0.18828125 0.01171875 0.05703125
0 0.36171875 0.228125 0.0203125 0.05
0 0.42265625 0.0984375 0.01796875 0.06015625
0 0.3984375 0.1171875 0.0296875 0.08359375
0 0.38359375 0.13203125 0.03203125 0.075
0 0.35859375 0.13828125 0.03359375 0.08828125
0 0.33828125 0.15078125 0.028125 0.0734375
0 0.34765625 0.2375 0.021875 0.05703125
0 0.33046875 0.23359375 0.0203125 0.05
0 0.3671875 0.409375 0.028125 0.03828125
0 0.34765625 0.40703125 0.03515625 0.04296875
0 0.321875 0.4125 0.0265625 0.03203125
0 0.3 0.3953125 0.03671875 0.06640625
0 0.278125 0.4125 0.0296875 0.03203125
0 0.259375 0.41953125 0.028125 0.01796875
0 0.2328125 0.39609375 0.04140625 0.06484375
0 0.2109375 0.41328125 0.03203125 0.0296875
0 0.30078125 0.2421875 0.0203125 0.0484375
0 0.31171875 0.14921875 0.03203125 0.09140625
0 0.265625 0.1578125 0.0265625 0.071875
0 0.26953125 0.24609375 0.0203125 0.0453125
0 0.25234375 0.25390625 0.021875 0.0546875
0 0.23671875 0.2515625 0.0234375 0.0546875
0 0.20390625 0.24140625 0.01640625 0.03671875
0 0.24296875 0.15546875 0.03359375 0.08828125
0 0.2203125 0.15703125 0.04140625 0.1
0 0.19296875 0.14296875 0.03828125 0.0984375
0 0.17265625 0.153125 0.03828125 0.0765625
0 0.1515625 0.15 0.03515625 0.0796875
0 0.184375 0.4125 0.028125 0.03203125
0 0.171875 0.23828125 0.0203125 0.046875
0 0.15859375 0.23984375 0.0234375 0.05
0 0.13984375 0.2375 0.0234375 0.0515625
0 0.1390625 0.3921875 0.0453125 0.071875
0 0.12109375 0.4046875 0.03203125 0.046875
0 0.09296875 0.4015625 0.0296875 0.053125
0 0.071875 0.39453125 0.03984375 0.06796875
0 0.12578125 0.2296875 0.0234375 0.05
0 0.11015625 0.228125 0.028125 0.0546875
0 0.09296875 0.215625 0.0234375 0.0453125
0 0.1296875 0.14921875 0.0265625 0.06171875
0 0.09453125 0.13203125 0.04296875 0.0765625
0 0.07265625 0.11953125 0.03984375 0.08203125
0 0.053125 0.1109375 0.03828125 0.06796875
0 0.0609375 0.20078125 0.0265625 0.053125
0 0.0453125 0.19609375 0.028125 0.053125
0 0.0296875 0.1796875 0.021875 0.03828125
0 0.04296875 0.38671875 0.0296875 0.06796875
0 0.02890625 0.37265625 0.03203125 0.05859375
0 0.01171875 0.34765625 0.0203125 0.078125
0 0.034375 0.10390625 0.03671875 0.0734375
0 0.0140625 0.17265625 0.0265625 0.046875
0 0.0171875 0.0875 0.03203125 0.071875
0 0.94296875 0.4578125 0.11328125 0.0546875