0 0.984375 0.0640625 0.03125 0.128125
0 0.384375 0.18203125 0.046875 0.03203125
0 0.18984375 0.1890625 0.1484375 0.0984375
0 0.91328125 0.653125 0.1734375 0.3296875
0 0.16640625 0.60703125 0.04296875 0.021875
0 0.1609375 0.5953125 0.0453125 0.0234375
0 0.16484375 0.58046875 0.05703125 0.0265625
0 0.290625 0.5375 0.06796875 0.03359375
0 0.3328125 0.62890625 0.028125 0.01640625
0 0.35859375 0.7 0.0234375 0.01328125
0 0.36171875 0.71640625 0.0265625 0.01328125
0 0.19921875 0.70859375 0.046875 0.0234375
0 0.215625 0.753125 0.046875 0.0234375
0 0.0203125 0.8640625 0.03671875 0.021875
0 0.225 0.77578125 0.046875 0.0234375
0 0.23828125 0.8203125 0.046875 0.0234375
0 0.36953125 0.73984375 0.025 0.01328125
0 0.36953125 0.75 0.03203125 0.01640625
0 0.378125 0.76328125 0.0234375 0.01328125
0 0.37734375 0.771875 0.0296875 0.01484375
0 0.41171875 0.7515625 0.0296875 0.01484375
0 0.56796875 0.69453125 0.05703125 0.028125
0 0.64609375 0.66328125 0.078125 0.03515625
0 0.66796875 0.7578125 0.01484375 0.01015625
0 0.6609375 0.73984375 0.06640625 0.03359375
0 0.65 0.7796875 0.0296875 0.03984375
0 0.5765625 0.75 0.06328125 0.028125
0 0.41796875 0.7765625 0.0265625 0.01484375
0 0.384375 0.7875 0.0265625 0.01484375
0 0.38515625 0.796875 0.03359375 0.01796875
0 0.41796875 0.78359375 0.025 0.01328125
0 0.4265625 0.8078125 0.025 0.01328125
0 0.40078125 0.834375 0.0265625 0.01484375
0 0.39765625 0.81640625 0.025 0.01328125
0 0.43359375 0.82265625 0.0265625 0.01484375
0 0.4359375 0.83203125 0.0265625 0.01484375
0 0.44140625 0.8453125 0.0265625 0.01484375
0 0.2484375 0.8421875 0.0515625 0.025
0 0.20234375 0.86015625 0.01015625 0.00859375
0 0.19453125 0.87265625 0.046875 0.021875
0 0.25703125 0.8890625 0.03984375 0.0203125
0 0.2109375 0.88828125 0.025 0.01328125
0 0.20546875 0.90546875 0.04296875 0.021875
0 0.209375 0.91640625 0.0453125 0.0234375
0 0.27734375 0.93203125 0.0484375 0.025
0 0.27578125 0.94296875 0.0453125 0.0234375
0 0.28515625 0.965625 0.046875 0.0234375
0 0.2921875 0.9875 0.0484375 0.021875
0 0.41015625 0.8640625 0.0265625 0.01484375
0 0.45078125 0.87734375 0.0265625 0.01484375
0 0.45546875 0.89140625 0.0265625 0.01484375
0 0.4703125 0.89765625 0.04296875 0.021875
0 0.425 0.91171875 0.025 0.01328125
0 0.4765625 0.909375 0.0546875 0.028125
0 0.4859375 0.93203125 0.05703125 0.0265625
0 0.6140625 0.8390625 0.06328125 0.028125
0 0.67265625 0.85703125 0.03203125 0.053125
0 0.6328125 0.8921875 0.053125 0.0265625
0 0.428125 0.9765625 0.0546875 0.028125
0 0.7 0.8828125 0.0203125 0.0453125
0 0.6765625 0.99140625 0.03671875 0.01328125
0 0.109375 0.99140625 0.028125 0.01328125
0 0.05859375 0.9921875 0.04296875 0.01171875
0 0.11015625 0.9796875 0.0453125 0.0234375
0 0.1046875 0.9703125 0.03984375 0.0203125
0 0.05234375 0.9765625 0.04296875 0.021875
0 0.05 0.965625 0.03671875 0.0203125
0 0.1046875 0.959375 0.0453125 0.0234375
0 0.0984375 0.95 0.03671875 0.01796875
0 0.09765625 0.93828125 0.0453125 0.0234375
0 0.090625 0.93203125 0.03828125 0.021875
0 0.08828125 0.91796875 0.046875 0.0234375
0 0.084375 0.909375 0.03828125 0.0203125
0 0.04140625 0.93359375 0.03359375 0.01796875
0 0.03671875 0.91171875 0.0265625 0.01484375
0 0.07890625 0.89921875 0.03515625 0.01796875
0 0.07734375 0.8875 0.03671875 0.0203125
0 0.07578125 0.8765625 0.0453125 0.0234375
0 0.0734375 0.8671875 0.04296875 0.021875
0 0.06328125 0.85 0.03671875 0.01796875
0 0.06328125 0.83671875 0.0453125 0.0234375
0 0.01484375 0.84296875 0.0265625 0.01640625
0 0.05390625 0.81953125 0.03203125 0.01640625
0 0.009375 0.815625 0.01484375 0.01796875
0 0.04140625 0.7796875 0.03671875 0.01796875
0 0.0375 0.7703125 0.025 0.01328125
0 0.0078125 0.7875 0.01171875 0.025
0 0.02578125 0.73046875 0.03203125 0.01640625
0 0.01640625 0.72421875 0.0265625 0.01328125
0 0.021875 0.71328125 0.03984375 0.0234375
0 0.0171875 0.6921875 0.03203125 0.021875
0 0.01640625 0.6796875 0.0296875 0.0203125
0 0.13046875 0.55859375 0.00859375 0.0046875
0 0.15 0.5609375 0.04140625 0.021875
0 0.15 0.54921875 0.046875 0.0234375
0 0.14609375 0.5375 0.046875 0.0234375
0 0.08828125 0.5578125 0.046875 0.025
0 0.0125 0.6625 0.021875 0.01796875
0 0.0125 0.640625 0.021875 0.025
0 0.5390625 0.61328125 0.046875 0.0234375
0 0.40390625 0.728125 0.028125 0.01484375
0 0.3921875 0.70546875 0.03203125 0.01796875
0 0.3875 0.68203125 0.03203125 0.01796875
0 0.38515625 0.65234375 0.04140625 0.021875
0 0.37109375 0.590625 0.0515625 0.0265625
0 0.3546875 0.57265625 0.03828125 0.021875
0 0.3609375 0.540625 0.05859375 0.0296875
0 0.6296875 0.6296875 0.06640625 0.03515625
0 0.62265625 0.615625 0.08359375 0.03828125
0 0.5171875 0.49140625 0.06796875 0.0515625
0 0.39453125 0.45703125 0.06484375 0.05
0 0.30546875 0.43984375 0.0484375 0.0203125