0 0.8203125 0.259375 0.03984375 0.0796875
0 0.78984375 0.25859375 0.0515625 0.1046875
0 0.76484375 0.26953125 0.04296875 0.08671875
0 0.7421875 0.2734375 0.05 0.0953125
0 0.69140625 0.2890625 0.04140625 0.075
0 0.67421875 0.27265625 0.053125 0.10703125
0 0.64296875 0.296875 0.03359375 0.06796875
0 0.62421875 0.28203125 0.0515625 0.103125
0 0.603125 0.3015625 0.0203125 0.0796875
0 0.82421875 0.0953125 0.03515625 0.06640625
0 0.7921875 0.09140625 0.028125 0.05
0 0.7578125 0.09921875 0.028125 0.053125
0 0.74140625 0.10078125 0.0234375 0.0453125
0 0.72421875 0.1015625 0.025 0.0484375
0 0.70859375 0.10234375 0.03203125 0.05703125
0 0.625 0.109375 0.025 0.05
0 0.76484375 0.03046875 0.0890625 0.0609375
0 0.70390625 0.03359375 0.03828125 0.06640625
0 0.68359375 0.03515625 0.03984375 0.0703125
0 0.65859375 0.0359375 0.04296875 0.071875
0 0.63515625 0.03359375 0.03671875 0.06640625
0 0.60859375 0.1125 0.0265625 0.05703125
0 0.60078125 0.10234375 0.01484375 0.0515625
0 0.61328125 0.0328125 0.03984375 0.06484375
0 0.1953125 0.22421875 0.221875 0.2953125
0 0.38046875 0.6203125 0.278125 0.13984375