0 0.86484375 0.91328125 0.2296875 0.1734375
0 0.8 0.196875 0.05 0.028125
0 0.8515625 0.1515625 0.05 0.03359375
0 0.91796875 0.33828125 0.0484375 0.03515625
0 0.81796875 0.29921875 0.06171875 0.03671875
0 0.84765625 0.3609375 0.046875 0.03203125
0 0.721875 0.440625 0.0515625 0.03515625
0 0.85234375 0.47265625 0.03984375 0.03515625
0 0.64609375 0.446875 0.028125 0.0296875
0 0.78203125 0.49296875 0.03671875 0.03359375
0 0.9140625 0.50390625 0.028125 0.01171875
0 0.27734375 0.21484375 0.5203125 0.36640625