0 0.78046875 0.8484375 0.3 0.25703125
0 0.24609375 0.6078125 0.021875 0.01171875
0 0.26796875 0.60703125 0.0265625 0.01015625
0 0.45234375 0.634375 0.0953125 0.05859375
0 0.25078125 0.6984375 0.01484375 0.01640625
0 0.32421875 0.6578125 0.1203125 0.0484375
0 0.31484375 0.6921875 0.1203125 0.0453125
0 0.4265625 0.675 0.0953125 0.03515625
0 0.4875 0.66328125 0.025 0.05
0 0.434375 0.74921875 0.13203125 0.06484375
0 0.41796875 0.7984375 0.16328125 0.08984375
0 0.353125 0.884375 0.11015625 0.04296875
0 0.475 0.8546875 0.05 0.06015625
0 0.4890625 0.90234375 0.021875 0.04140625
0 0.47421875 0.90859375 0.025 0.03515625
0 0.45 0.91015625 0.025 0.03671875
0 0.4265625 0.9125 0.021875 0.03359375
0 0.40078125 0.92265625 0.03203125 0.0453125
0 0.378125 0.92265625 0.025 0.03515625
0 0.3546875 0.92578125 0.025 0.03984375
0 0.32734375 0.9296875 0.0234375 0.03203125
0 0.29140625 0.92890625 0.04140625 0.05859375
0 0.35703125 0.98515625 0.0734375 0.028125
0 0.475 0.9703125 0.05 0.0234375
0 0.4453125 0.9875 0.11015625 0.025
0 0.03671875 0.77109375 0.03828125 0.0546875
0 0.0140625 0.77421875 0.025 0.05859375
0 0.06328125 0.8421875 0.1046875 0.03984375
0 0.86796875 0.259375 0.26328125 0.278125
0 0.22421875 0.29453125 0.23984375 0.2234375