0 0.14921875 0.1546875 0.18203125 0.28203125
0 0.109375 0.6734375 0.01640625 0.04296875
0 0.09609375 0.67421875 0.01640625 0.0453125
0 0.0859375 0.684375 0.01796875 0.05859375
0 0.10390625 0.81484375 0.0234375 0.06796875
0 0.20390625 0.8109375 0.01171875 0.028125
0 0.27890625 0.8015625 0.01015625 0.021875
0 0.29609375 0.79765625 0.01015625 0.025
0 0.2140625 0.65703125 0.01640625 0.046875
0 0.26171875 0.65078125 0.01640625 0.0484375
0 0.27109375 0.425 0.01484375 0.03984375
0 0.2859375 0.64921875 0.01640625 0.0484375
0 0.33203125 0.640625 0.01640625 0.0484375
0 0.3203125 0.79296875 0.01015625 0.0234375
0 0.328125 0.7890625 0.01171875 0.03203125
0 0.3453125 0.79140625 0.01015625 0.021875
0 0.3515625 0.78671875 0.01171875 0.0296875
0 0.34921875 0.82578125 0.01171875 0.0296875
0 0.37109375 0.9796875 0.021875 0.03671875
0 0.42265625 0.9703125 0.021875 0.05703125
0 0.375 0.8203125 0.01015625 0.0265625
0 0.36953125 0.78515625 0.01015625 0.0265625
0 0.37734375 0.78203125 0.01328125 0.03359375
0 0.38046875 0.8171875 0.01015625 0.0234375
0 0.40546875 0.81484375 0.01015625 0.0234375
0 0.4171875 0.77890625 0.01015625 0.0265625
0 0.40078125 0.784375 0.01015625 0.0234375
0 0.42265625 0.81328125 0.01015625 0.0265625
0 0.43203125 0.81171875 0.01015625 0.0265625
0 0.446875 0.8109375 0.01015625 0.0265625
0 0.35546875 0.6390625 0.01796875 0.053125
0 0.35078125 0.590625 0.00859375 0.01015625
0 0.35859375 0.57734375 0.01484375 0.046875
0 0.40078125 0.62578125 0.01484375 0.03984375
0 0.3796875 0.58515625 0.01015625 0.0234375
0 0.39296875 0.57265625 0.01484375 0.04296875
0 0.40390625 0.57109375 0.01640625 0.0453125
0 0.49609375 0.55 0.0203125 0.0546875
0 0.44921875 0.625 0.01640625 0.05
0 0.45859375 0.61796875 0.01640625 0.0453125
0 0.4828125 0.615625 0.01640625 0.046875
0 0.5078125 0.6125 0.01640625 0.0484375
0 0.44921875 0.7734375 0.01015625 0.0265625
0 0.47890625 0.80390625 0.01015625 0.0265625
0 0.49453125 0.80234375 0.01015625 0.0265625
0 0.50546875 0.8125 0.01484375 0.04296875
0 0.4984375 0.76484375 0.01015625 0.0234375
0 0.51953125 0.8125 0.0203125 0.0546875
0 0.54296875 0.8109375 0.01796875 0.05859375
0 0.51953125 0.96640625 0.0203125 0.06328125
0 0.575 0.959375 0.01796875 0.0546875
0 0.5578125 0.7390625 0.021875 0.0546875
0 0.5296875 0.6125 0.01796875 0.0484375
0 0.53203125 0.54921875 0.01640625 0.0453125
0 0.540625 0.603125 0.01328125 0.03828125
0 0.5515625 0.603125 0.01640625 0.04296875
0 0.55546875 0.54609375 0.01640625 0.0484375
0 0.56640625 0.54296875 0.01640625 0.0453125
0 0.60703125 0.734375 0.01796875 0.0546875
0 0.6515625 0.7921875 0.0203125 0.0546875
0 0.65390625 0.728125 0.01640625 0.0484375
0 0.59921875 0.59765625 0.01640625 0.05
0 0.61171875 0.590625 0.01484375 0.03671875
0 0.634375 0.59296875 0.01796875 0.0515625
0 0.6578125 0.5953125 0.021875 0.06171875
0 0.678125 0.721875 0.0203125 0.05859375
0 0.6890625 0.78984375 0.01796875 0.05859375
0 0.68671875 0.95234375 0.01328125 0.03515625
0 0.6984375 0.9546875 0.01171875 0.0296875
0 0.6921875 0.9875 0.03203125 0.021875
0 0.703125 0.93359375 0.01015625 0.06640625
0 0.70703125 0.83359375 0.003125 0.01640625
0 0.703125 0.78671875 0.01015625 0.01640625
0 0.70234375 0.7734375 0.01171875 0.01328125
0 0.70234375 0.759375 0.01171875 0.01484375
0 0.70078125 0.74609375 0.01484375 0.01484375
0 0.70234375 0.721875 0.01171875 0.01328125
0 0.69765625 0.71328125 0.0234375 0.01484375
0 0.6953125 0.68828125 0.021875 0.01640625
0 0.690625 0.67421875 0.01796875 0.01328125
0 0.6875 0.646875 0.01796875 0.01328125
0 0.6828125 0.60546875 0.01796875 0.01484375
0 0.67734375 0.58984375 0.01796875 0.01484375
0 0.66796875 0.5375 0.01328125 0.01171875
0 0.65859375 0.4578125 0.01484375 0.01328125
0 0.64765625 0.39140625 0.01640625 0.01328125
0 0.6328125 0.41484375 0.01015625 0.0265625
0 0.6234375 0.4234375 0.01328125 0.03984375
0 0.61328125 0.37578125 0.0203125 0.03203125
0 0.603125 0.37578125 0.01328125 0.03203125
0 0.59296875 0.3765625 0.01328125 0.03359375
0 0.58203125 0.375 0.01328125 0.0296875
0 0.6 0.421875 0.01171875 0.03359375
0 0.5890625 0.4234375 0.01171875 0.0296875
0 0.58046875 0.42734375 0.01484375 0.04296875
0 0.57578125 0.3875 0.0046875 0.01171875
0 0.4953125 0.40703125 0.00859375 0.00859375
0 0.57109375 0.37578125 0.01171875 0.0296875
0 0.56796875 0.428125 0.01640625 0.04296875
0 0.56171875 0.37734375 0.01171875 0.028125
0 0.5421875 0.38359375 0.01328125 0.03515625
0 0.5484375 0.42578125 0.01328125 0.03359375
0 0.5390625 0.4328125 0.01640625 0.04140625
0 0.53046875 0.384375 0.01328125 0.03515625
0 0.528125 0.42890625 0.01015625 0.0234375
0 0.5171875 0.43203125 0.01171875 0.0296875
0 0.51171875 0.38515625 0.01328125 0.03984375
0 0.50859375 0.43828125 0.01484375 0.03828125
0 0.48984375 0.390625 0.01171875 0.03359375
0 0.4984375 0.43515625 0.01484375 0.03515625
0 0.48671875 0.43828125 0.01328125 0.03828125
0 0.47890625 0.3890625 0.01328125 0.03671875
0 0.478125 0.4421875 0.01640625 0.04296875
0 0.46640625 0.44453125 0.01640625 0.03984375
0 0.4703125 0.396875 0.01328125 0.028125
0 0.4578125 0.4421875 0.01171875 0.03671875
0 0.446875 0.45 0.01640625 0.04140625
0 0.44921875 0.39765625 0.01171875 0.03359375
0 0.4390625 0.3984375 0.01171875 0.03203125
0 0.4265625 0.446875 0.01015625 0.0265625
0 0.40859375 0.39921875 0.01640625 0.04140625
0 0.415625 0.453125 0.01640625 0.0453125
0 0.4046875 0.453125 0.01484375 0.03984375
0 0.3875 0.40390625 0.01640625 0.04296875
0 0.37578125 0.40703125 0.01328125 0.03828125
0 0.3953125 0.45859375 0.01640625 0.0453125
0 0.38359375 0.45703125 0.01328125 0.03671875
0 0.37265625 0.46171875 0.01640625 0.0453125
0 0.36328125 0.45859375 0.01484375 0.03828125
0 0.35078125 0.4625 0.01640625 0.046875
0 0.340625 0.46328125 0.01484375 0.03828125
0 0.34296875 0.41328125 0.01328125 0.03359375
0 0.321875 0.41953125 0.01015625 0.0265625
0 0.3296875 0.46328125 0.01328125 0.03515625
0 0.31796875 0.46640625 0.01328125 0.03828125
0 0.30859375 0.47109375 0.01640625 0.0453125
0 0.29921875 0.471875 0.01484375 0.04296875
0 0.27890625 0.47109375 0.01328125 0.03671875
0 0.26640625 0.47734375 0.01640625 0.0453125
0 0.25 0.43046875 0.01171875 0.028125
0 0.246875 0.4765625 0.01328125 0.03203125
0 0.21953125 0.43046875 0.01171875 0.03359375
0 0.20703125 0.48359375 0.01171875 0.03671875
0 0.19609375 0.484375 0.01015625 0.0234375
0 0.1890625 0.434375 0.01640625 0.046875
0 0.15703125 0.43671875 0.01015625 0.0234375
0 0.15546875 0.4921875 0.01328125 0.03203125
0 0.1375 0.44296875 0.01328125 0.03828125
0 0.1453125 0.48671875 0.01015625 0.025
0 0.13671875 0.49453125 0.01640625 0.04296875
0 0.128125 0.4453125 0.01328125 0.03828125
0 0.115625 0.4984375 0.01328125 0.03828125
0 0.1171875 0.446875 0.01640625 0.04140625
0 0.09609375 0.48515625 0.00859375 0.01328125
0 0.1046875 0.503125 0.01328125 0.03515625
0 0.04921875 0.66328125 0.0046875 0.00859375
0 0.06015625 0.67890625 0.01640625 0.04140625
0 0.05 0.68515625 0.01640625 0.0484375
0 0.0375 0.68671875 0.01640625 0.0484375
0 0.0296875 0.62578125 0.01796875 0.046875
0 0.08515625 0.50546875 0.01171875 0.03359375
0 0.06328125 0.509375 0.01640625 0.0484375
0 0.04140625 0.50859375 0.01328125 0.03515625
0 0.03046875 0.5078125 0.01015625 0.0265625
0 0.021875 0.51328125 0.01640625 0.04140625
0 0.009375 0.5125 0.01328125 0.03671875
0 0.01484375 0.4703125 0.01328125 0.03203125
0 0.00390625 0.50390625 0.0078125 0.0796875
0 0.284375 0.98828125 0.01796875 0.0203125
0 0.32578125 0.8296875 0.01171875 0.028125
0 0.3 0.8296875 0.01484375 0.03203125
0 0.27578125 0.83671875 0.01484375 0.03203125
0 0.24921875 0.846875 0.01640625 0.04140625
0 0.1875 0.8625 0.0203125 0.0515625
0 0.1640625 0.85703125 0.01484375 0.03828125
0 0.13828125 0.8765625 0.021875 0.05859375
0 0.078125 0.94453125 0.04140625 0.06171875
0 0.015625 0.878125 0.0296875 0.0453125
0 0.953125 0.67109375 0.08984375 0.2015625