0 0.2671875 0.93046875 0.21796875 0.13828125
0 0.76640625 0.490625 0.28984375 0.28984375
0 0.24296875 0.14609375 0.16171875 0.153125
0 0.8578125 0.01328125 0.08828125 0.0234375
0 0.8609375 0.02578125 0.0953125 0.0484375
0 0.878125 0.0765625 0.075 0.03984375
0 0.86171875 0.09453125 0.10703125 0.0515625
0 0.8859375 0.125 0.06796875 0.03203125
0 0.871875 0.14296875 0.103125 0.05
0 0.89140625 0.17265625 0.078125 0.03515625
0 0.88671875 0.1890625 0.06171875 0.028125
0 0.6875 0.01484375 0.0546875 0.0265625
0 0.6890625 0.02890625 0.0453125 0.0234375
0 0.68984375 0.046875 0.0484375 0.025
0 0.690625 0.0625 0.05703125 0.0296875
0 0.69921875 0.14609375 0.05 0.025
0 0.61953125 0.0265625 0.05859375 0.05
0 0.62265625 0.0671875 0.06484375 0.03828125
0 0.62421875 0.0875 0.06796875 0.03828125
0 0.625 0.1140625 0.0703125 0.04140625
0 0.6234375 0.1375 0.06640625 0.03515625
0 0.70234375 0.1625 0.05703125 0.0265625
0 0.6921875 0.1765625 0.05 0.025
0 0.884375 0.21796875 0.071875 0.03359375
0 0.8796875 0.2375 0.08828125 0.03984375
0 0.871875 0.26171875 0.0703125 0.03203125
0 0.84921875 0.2765625 0.10859375 0.04296875
0 0.85703125 0.303125 0.075 0.03359375
0 0.85859375 0.32421875 0.06640625 0.03203125
0 0.8234375 0.3265625 0.11015625 0.0265625
0 0.6890625 0.20859375 0.0484375 0.025
0 0.62265625 0.1609375 0.06484375 0.04140625
0 0.61171875 0.20546875 0.04296875 0.03515625
0 0.6796875 0.23828125 0.0453125 0.0234375
0 0.6796875 0.25703125 0.0546875 0.0265625
0 0.67265625 0.2703125 0.0546875 0.0265625
0 0.65078125 0.296875 0.03671875 0.0203125
0 0.6109375 0.22578125 0.04140625 0.04140625
0 0.61015625 0.24765625 0.03984375 0.0515625
0 0.634375 0.325 0.046875 0.0234375
0 0.63203125 0.33046875 0.053125 0.01796875