0 0.85078125 0.8453125 0.18203125 0.28203125
0 0.890625 0.3265625 0.01640625 0.04296875
0 0.90390625 0.32578125 0.01640625 0.0453125
0 0.9140625 0.315625 0.01796875 0.05859375
0 0.89609375 0.18515625 0.0234375 0.06796875
0 0.79609375 0.1890625 0.01171875 0.028125
0 0.72109375 0.1984375 0.01015625 0.021875
0 0.70390625 0.20234375 0.01015625 0.025
0 0.7859375 0.34296875 0.01640625 0.046875
0 0.73828125 0.34921875 0.01640625 0.0484375
0 0.72890625 0.575 0.01484375 0.03984375
0 0.7140625 0.35078125 0.01640625 0.0484375
0 0.66796875 0.359375 0.01640625 0.0484375
0 0.6796875 0.20703125 0.01015625 0.0234375
0 0.671875 0.2109375 0.01171875 0.03203125
0 0.6546875 0.20859375 0.01015625 0.021875
0 0.6484375 0.21328125 0.01171875 0.0296875
0 0.65078125 0.17421875 0.01171875 0.0296875
0 0.62890625 0.0203125 0.021875 0.03671875
0 0.57734375 0.0296875 0.021875 0.05703125
0 0.625 0.1796875 0.01015625 0.0265625
0 0.63046875 0.21484375 0.01015625 0.0265625
0 0.62265625 0.21796875 0.01328125 0.03359375
0 0.61953125 0.1828125 0.01015625 0.0234375
0 0.59453125 0.18515625 0.01015625 0.0234375
0 0.5828125 0.22109375 0.01015625 0.0265625
0 0.59921875 0.215625 0.01015625 0.0234375
0 0.57734375 0.18671875 0.01015625 0.0265625
0 0.56796875 0.18828125 0.01015625 0.0265625
0 0.553125 0.1890625 0.01015625 0.0265625
0 0.64453125 0.3609375 0.01796875 0.053125
0 0.64921875 0.409375 0.00859375 0.01015625
0 0.64140625 0.42265625 0.01484375 0.046875
0 0.59921875 0.37421875 0.01484375 0.03984375
0 0.6203125 0.41484375 0.01015625 0.0234375
0 0.60703125 0.42734375 0.01484375 0.04296875
0 0.59609375 0.42890625 0.01640625 0.0453125
0 0.50390625 0.45 0.0203125 0.0546875
0 0.55078125 0.375 0.01640625 0.05
0 0.54140625 0.38203125 0.01640625 0.0453125
0 0.5171875 0.384375 0.01640625 0.046875
0 0.4921875 0.3875 0.01640625 0.0484375
0 0.55078125 0.2265625 0.01015625 0.0265625
0 0.52109375 0.19609375 0.01015625 0.0265625
0 0.50546875 0.19765625 0.01015625 0.0265625
0 0.49453125 0.1875 0.01484375 0.04296875
0 0.5015625 0.23515625 0.01015625 0.0234375
0 0.48046875 0.1875 0.0203125 0.0546875
0 0.45703125 0.1890625 0.01796875 0.05859375
0 0.48046875 0.03359375 0.0203125 0.06328125
0 0.425 0.040625 0.01796875 0.0546875
0 0.4421875 0.2609375 0.021875 0.0546875
0 0.4703125 0.3875 0.01796875 0.0484375
0 0.46796875 0.45078125 0.01640625 0.0453125
0 0.459375 0.396875 0.01328125 0.03828125
0 0.4484375 0.396875 0.01640625 0.04296875
0 0.44453125 0.45390625 0.01640625 0.0484375
0 0.43359375 0.45703125 0.01640625 0.0453125
0 0.39296875 0.265625 0.01796875 0.0546875
0 0.3484375 0.2078125 0.0203125 0.0546875
0 0.34609375 0.271875 0.01640625 0.0484375
0 0.40078125 0.40234375 0.01640625 0.05
0 0.38828125 0.409375 0.01484375 0.03671875
0 0.365625 0.40703125 0.01796875 0.0515625
0 0.3421875 0.4046875 0.021875 0.06171875
0 0.321875 0.278125 0.0203125 0.05859375
0 0.3109375 0.21015625 0.01796875 0.05859375
0 0.31328125 0.04765625 0.01328125 0.03515625
0 0.3015625 0.0453125 0.01171875 0.0296875
0 0.3078125 0.0125 0.03203125 0.021875
0 0.296875 0.06640625 0.01015625 0.06640625
0 0.29296875 0.16640625 0.003125 0.01640625
0 0.296875 0.21328125 0.01015625 0.01640625
0 0.29765625 0.2265625 0.01171875 0.01328125
0 0.29765625 0.240625 0.01171875 0.01484375
0 0.29921875 0.25390625 0.01484375 0.01484375
0 0.29765625 0.278125 0.01171875 0.01328125
0 0.30234375 0.28671875 0.0234375 0.01484375
0 0.3046875 0.31171875 0.021875 0.01640625
0 0.309375 0.32578125 0.01796875 0.01328125
0 0.3125 0.353125 0.01796875 0.01328125
0 0.3171875 0.39453125 0.01796875 0.01484375
0 0.32265625 0.41015625 0.01796875 0.01484375
0 0.33203125 0.4625 0.01328125 0.01171875
0 0.34140625 0.5421875 0.01484375 0.01328125
0 0.35234375 0.60859375 0.01640625 0.01328125
0 0.3671875 0.58515625 0.01015625 0.0265625
0 0.3765625 0.5765625 0.01328125 0.03984375
0 0.38671875 0.62421875 0.0203125 0.03203125
0 0.396875 0.62421875 0.01328125 0.03203125
0 0.40703125 0.6234375 0.01328125 0.03359375
0 0.41796875 0.625 0.01328125 0.0296875
0 0.4 0.578125 0.01171875 0.03359375
0 0.4109375 0.5765625 0.01171875 0.0296875
0 0.41953125 0.57265625 0.01484375 0.04296875
0 0.42421875 0.6125 0.0046875 0.01171875
0 0.5046875 0.59296875 0.00859375 0.00859375
0 0.42890625 0.62421875 0.01171875 0.0296875
0 0.43203125 0.571875 0.01640625 0.04296875
0 0.43828125 0.62265625 0.01171875 0.028125
0 0.4578125 0.61640625 0.01328125 0.03515625
0 0.4515625 0.57421875 0.01328125 0.03359375
0 0.4609375 0.5671875 0.01640625 0.04140625
0 0.46953125 0.615625 0.01328125 0.03515625
0 0.471875 0.57109375 0.01015625 0.0234375
0 0.4828125 0.56796875 0.01171875 0.0296875
0 0.48828125 0.61484375 0.01328125 0.03984375
0 0.49140625 0.56171875 0.01484375 0.03828125
0 0.51015625 0.609375 0.01171875 0.03359375
0 0.5015625 0.56484375 0.01484375 0.03515625
0 0.51328125 0.56171875 0.01328125 0.03828125
0 0.52109375 0.6109375 0.01328125 0.03671875
0 0.521875 0.5578125 0.01640625 0.04296875
0 0.53359375 0.55546875 0.01640625 0.03984375
0 0.5296875 0.603125 0.01328125 0.028125
0 0.5421875 0.5578125 0.01171875 0.03671875
0 0.553125 0.55 0.01640625 0.04140625
0 0.55078125 0.60234375 0.01171875 0.03359375
0 0.5609375 0.6015625 0.01171875 0.03203125
0 0.5734375 0.553125 0.01015625 0.0265625
0 0.59140625 0.60078125 0.01640625 0.04140625
0 0.584375 0.546875 0.01640625 0.0453125
0 0.5953125 0.546875 0.01484375 0.03984375
0 0.6125 0.59609375 0.01640625 0.04296875
0 0.62421875 0.59296875 0.01328125 0.03828125
0 0.6046875 0.54140625 0.01640625 0.0453125
0 0.61640625 0.54296875 0.01328125 0.03671875
0 0.62734375 0.53828125 0.01640625 0.0453125
0 0.63671875 0.54140625 0.01484375 0.03828125
0 0.64921875 0.5375 0.01640625 0.046875
0 0.659375 0.53671875 0.01484375 0.03828125
0 0.65703125 0.58671875 0.01328125 0.03359375
0 0.678125 0.58046875 0.01015625 0.0265625
0 0.6703125 0.53671875 0.01328125 0.03515625
0 0.68203125 0.53359375 0.01328125 0.03828125
0 0.69140625 0.52890625 0.01640625 0.0453125
0 0.70078125 0.528125 0.01484375 0.04296875
0 0.72109375 0.52890625 0.01328125 0.03671875
0 0.73359375 0.52265625 0.01640625 0.0453125
0 0.75 0.56953125 0.01171875 0.028125
0 0.753125 0.5234375 0.01328125 0.03203125
0 0.78046875 0.56953125 0.01171875 0.03359375
0 0.79296875 0.51640625 0.01171875 0.03671875
0 0.80390625 0.515625 0.01015625 0.0234375
0 0.8109375 0.565625 0.01640625 0.046875
0 0.84296875 0.56328125 0.01015625 0.0234375
0 0.84453125 0.5078125 0.01328125 0.03203125
0 0.8625 0.55703125 0.01328125 0.03828125
0 0.8546875 0.51328125 0.01015625 0.025
0 0.86328125 0.50546875 0.01640625 0.04296875
0 0.871875 0.5546875 0.01328125 0.03828125
0 0.884375 0.5015625 0.01328125 0.03828125
0 0.8828125 0.553125 0.01640625 0.04140625
0 0.90390625 0.51484375 0.00859375 0.01328125
0 0.8953125 0.496875 0.01328125 0.03515625
0 0.95078125 0.33671875 0.0046875 0.00859375
0 0.93984375 0.32109375 0.01640625 0.04140625
0 0.95 0.31484375 0.01640625 0.0484375
0 0.9625 0.31328125 0.01640625 0.0484375
0 0.9703125 0.37421875 0.01796875 0.046875
0 0.91484375 0.49453125 0.01171875 0.03359375
0 0.93671875 0.490625 0.01640625 0.0484375
0 0.95859375 0.49140625 0.01328125 0.03515625
0 0.96953125 0.4921875 0.01015625 0.0265625
0 0.978125 0.48671875 0.01640625 0.04140625
0 0.990625 0.4875 0.01328125 0.03671875
0 0.98515625 0.5296875 0.01328125 0.03203125
0 0.99609375 0.49609375 0.0078125 0.0796875
0 0.715625 0.01171875 0.01796875 0.0203125
0 0.67421875 0.1703125 0.01171875 0.028125
0 0.7 0.1703125 0.01484375 0.03203125
0 0.72421875 0.16328125 0.01484375 0.03203125
0 0.75078125 0.153125 0.01640625 0.04140625
0 0.8125 0.1375 0.0203125 0.0515625
0 0.8359375 0.14296875 0.01484375 0.03828125
0 0.86171875 0.1234375 0.021875 0.05859375
0 0.921875 0.05546875 0.04140625 0.06171875
0 0.984375 0.121875 0.0296875 0.0453125
0 0.046875 0.32890625 0.08984375 0.2015625