0 0.7328125 0.93046875 0.21796875 0.13828125
0 0.23359375 0.490625 0.28984375 0.28984375
0 0.75703125 0.14609375 0.16171875 0.153125
0 0.1421875 0.01328125 0.08828125 0.0234375
0 0.1390625 0.02578125 0.0953125 0.0484375
0 0.121875 0.0765625 0.075 0.03984375
0 0.13828125 0.09453125 0.10703125 0.0515625
0 0.1140625 0.125 0.06796875 0.03203125
0 0.128125 0.14296875 0.103125 0.05
0 0.10859375 0.17265625 0.078125 0.03515625
0 0.11328125 0.1890625 0.06171875 0.028125
0 0.3125 0.01484375 0.0546875 0.0265625
0 0.3109375 0.02890625 0.0453125 0.0234375
0 0.31015625 0.046875 0.0484375 0.025
0 0.309375 0.0625 0.05703125 0.0296875
0 0.30078125 0.14609375 0.05 0.025
0 0.38046875 0.0265625 0.05859375 0.05
0 0.37734375 0.0671875 0.06484375 0.03828125
0 0.37578125 0.0875 0.06796875 0.03828125
0 0.375 0.1140625 0.0703125 0.04140625
0 0.3765625 0.1375 0.06640625 0.03515625
0 0.29765625 0.1625 0.05703125 0.0265625
0 0.3078125 0.1765625 0.05 0.025
0 0.115625 0.21796875 0.071875 0.03359375
0 0.1203125 0.2375 0.08828125 0.03984375
0 0.128125 0.26171875 0.0703125 0.03203125
0 0.15078125 0.2765625 0.10859375 0.04296875
0 0.14296875 0.303125 0.075 0.03359375
0 0.14140625 0.32421875 0.06640625 0.03203125
0 0.1765625 0.3265625 0.11015625 0.0265625
0 0.3109375 0.20859375 0.0484375 0.025
0 0.37734375 0.1609375 0.06484375 0.04140625
0 0.38828125 0.20546875 0.04296875 0.03515625
0 0.3203125 0.23828125 0.0453125 0.0234375
0 0.3203125 0.25703125 0.0546875 0.0265625
0 0.32734375 0.2703125 0.0546875 0.0265625
0 0.34921875 0.296875 0.03671875 0.0203125
0 0.3890625 0.22578125 0.04140625 0.04140625
0 0.38984375 0.24765625 0.03984375 0.0515625
0 0.365625 0.325 0.046875 0.0234375
0 0.36796875 0.33046875 0.053125 0.01796875