0 0.21953125 0.1515625 0.3 0.25703125
0 0.75390625 0.3921875 0.021875 0.01171875
0 0.73203125 0.39296875 0.0265625 0.01015625
0 0.54765625 0.365625 0.0953125 0.05859375
0 0.74921875 0.3015625 0.01484375 0.01640625
0 0.67578125 0.3421875 0.1203125 0.0484375
0 0.68515625 0.3078125 0.1203125 0.0453125
0 0.5734375 0.325 0.0953125 0.03515625
0 0.5125 0.33671875 0.025 0.05
0 0.565625 0.25078125 0.13203125 0.06484375
0 0.58203125 0.2015625 0.16328125 0.08984375
0 0.646875 0.115625 0.11015625 0.04296875
0 0.525 0.1453125 0.05 0.06015625
0 0.5109375 0.09765625 0.021875 0.04140625
0 0.52578125 0.09140625 0.025 0.03515625
0 0.55 0.08984375 0.025 0.03671875
0 0.5734375 0.0875 0.021875 0.03359375
0 0.59921875 0.07734375 0.03203125 0.0453125
0 0.621875 0.07734375 0.025 0.03515625
0 0.6453125 0.07421875 0.025 0.03984375
0 0.67265625 0.0703125 0.0234375 0.03203125
0 0.70859375 0.07109375 0.04140625 0.05859375
0 0.64296875 0.01484375 0.0734375 0.028125
0 0.525 0.0296875 0.05 0.0234375
0 0.5546875 0.0125 0.11015625 0.025
0 0.96328125 0.22890625 0.03828125 0.0546875
0 0.9859375 0.22578125 0.025 0.05859375
0 0.93671875 0.1578125 0.1046875 0.03984375
0 0.13203125 0.740625 0.26328125 0.278125
0 0.77578125 0.70546875 0.23984375 0.2234375