0 0.81484375 0.96015625 0.13359375 0.0796875
0 0.66015625 0.678125 0.11328125 0.21328125
0 0.11171875 0.5015625 0.025 0.06015625
0 0.0796875 0.478125 0.01484375 0.03671875
0 0.06953125 0.48046875 0.0203125 0.05
0 0.09609375 0.43984375 0.01640625 0.03828125
0 0.08671875 0.43671875 0.01640625 0.03828125
0 0.0640625 0.42421875 0.021875 0.0453125
0 0.05703125 0.4765625 0.021875 0.0515625
0 0.00390625 0.4453125 0.0078125 0.053125
0 0.003125 0.3859375 0.00625 0.05
0 0.9296875 0.4859375 0.13671875 0.13203125