0 0.259375 0.259375 0.03515625 0.13984375
0 0.94296875 0.38984375 0.08671875 0.03828125
0 0.96953125 0.35234375 0.03359375 0.01796875
0 0.92265625 0.3546875 0.03203125 0.01796875
0 0.92265625 0.3328125 0.03359375 0.0234375
0 0.9234375 0.30546875 0.03203125 0.0203125
0 0.9671875 0.30390625 0.03515625 0.021875
0 0.96796875 0.28359375 0.03515625 0.021875
0 0.925 0.284375 0.025 0.01640625
0 0.92109375 0.26015625 0.03203125 0.01796875
0 0.9671875 0.25859375 0.03515625 0.01796875
0 0.9640625 0.2375 0.03203125 0.01796875
0 0.921875 0.2390625 0.03515625 0.01796875
0 0.91953125 0.21484375 0.03515625 0.01796875
0 0.96328125 0.21328125 0.028125 0.01640625
0 0.92109375 0.19296875 0.028125 0.01640625
0 0.96484375 0.190625 0.0296875 0.01796875
0 0.9609375 0.1703125 0.025 0.01640625
0 0.92265625 0.17109375 0.028125 0.01796875
0 0.9203125 0.1484375 0.03515625 0.01796875
0 0.965625 0.14921875 0.03671875 0.0234375
0 0.96328125 0.12421875 0.0296875 0.01796875
0 0.9171875 0.12421875 0.03515625 0.021875
0 0.921875 0.10234375 0.0296875 0.01640625
0 0.9484375 0.1046875 0.00703125 0.01640625
0 0.965625 0.10078125 0.03203125 0.0203125
0 0.96484375 0.07578125 0.03515625 0.021875
0 0.9203125 0.08203125 0.025 0.01640625
0 0.93359375 0.03046875 0.00703125 0.01484375
0 0.915625 0.03515625 0.028125 0.01796875
0 0.96328125 0.0296875 0.03203125 0.0203125
0 0.9609375 0.01015625 0.03203125 0.0203125
0 0.846875 0.06015625 0.0296875 0.01484375
0 0.84765625 0.03828125 0.028125 0.01796875
0 0.846875 0.0140625 0.0296875 0.01640625
0 0.84609375 0.08359375 0.03203125 0.01796875
0 0.846875 0.1078125 0.03515625 0.0203125
0 0.8484375 0.12890625 0.028125 0.0203125
0 0.846875 0.1515625 0.03203125 0.01640625
0 0.85 0.17421875 0.03359375 0.0203125
0 0.84765625 0.19765625 0.03671875 0.0203125
0 0.8484375 0.22109375 0.0296875 0.01796875
0 0.8484375 0.24296875 0.0296875 0.01796875
0 0.84921875 0.26640625 0.0296875 0.01796875
0 0.85078125 0.2890625 0.03203125 0.0203125
0 0.85078125 0.31015625 0.03359375 0.01640625
0 0.85 0.334375 0.03671875 0.01796875
0 0.85078125 0.3578125 0.03359375 0.0203125
0 0.8484375 0.3859375 0.03515625 0.0234375
0 0.80546875 0.36015625 0.028125 0.01484375
0 0.8078125 0.33671875 0.03515625 0.0203125
0 0.809375 0.3109375 0.0234375 0.01640625
0 0.80703125 0.28828125 0.0296875 0.01796875
0 0.80859375 0.2640625 0.0296875 0.021875
0 0.809375 0.24453125 0.0296875 0.01640625
0 0.80546875 0.22109375 0.03203125 0.01796875
0 0.80546875 0.19921875 0.028125 0.01796875
0 0.80546875 0.1765625 0.03359375 0.0234375
0 0.80703125 0.1546875 0.0296875 0.0203125
0 0.80390625 0.1296875 0.028125 0.01796875
0 0.80546875 0.10859375 0.0296875 0.0203125
0 0.80546875 0.08515625 0.028125 0.0203125
0 0.80703125 0.0625 0.0265625 0.01796875
0 0.8015625 0.04140625 0.03359375 0.021875
0 0.8 0.0171875 0.03671875 0.01796875
0 0.7296875 0.12109375 0.0296875 0.171875
0 0.70546875 0.3703125 0.01484375 0.01328125
0 0.734375 0.29140625 0.0296875 0.11484375
0 0.7015625 0.30546875 0.0265625 0.11484375
0 0.70078125 0.19296875 0.0203125 0.0953125
0 0.69609375 0.0828125 0.028125 0.11640625
0 0.62421875 0.18046875 0.03828125 0.16171875
0 0.58203125 0.0359375 0.01796875 0.01796875
0 0.57265625 0.1734375 0.05 0.253125
0 0.50546875 0.2984375 0.028125 0.10703125
0 0.50703125 0.12265625 0.03515625 0.146875
0 0.465625 0.05546875 0.0265625 0.01796875
0 0.4703125 0.07578125 0.025 0.01796875
0 0.46796875 0.140625 0.0234375 0.01796875
0 0.46484375 0.16328125 0.03671875 0.0234375
0 0.46328125 0.1828125 0.03203125 0.021875
0 0.46484375 0.20703125 0.03515625 0.0203125
0 0.46640625 0.2296875 0.03203125 0.01796875
0 0.4609375 0.2578125 0.04140625 0.025
0 0.4640625 0.27890625 0.03203125 0.0203125
0 0.46484375 0.303125 0.03671875 0.0203125
0 0.46484375 0.33046875 0.028125 0.01796875
0 0.47109375 0.365625 0.0546875 0.03359375
0 0.40546875 0.3109375 0.01640625 0.071875
0 0.4015625 0.1875 0.01328125 0.0546875
0 0.3734375 0.20546875 0.0265625 0.1453125
0 0.353125 0.13984375 0.01171875 0.05
0 0.34140625 0.146875 0.01640625 0.0734375
0 0.321875 0.13671875 0.01484375 0.06015625
0 0.296875 0.1859375 0.03203125 0.1796875
0 0.29140625 0.30546875 0.01328125 0.0484375
0 0.2078125 0.10703125 0.1296875 0.04140625
0 0.22734375 0.0609375 0.13515625 0.053125
0 0.6671875 0.59296875 0.0515625 0.03203125
0 0.66796875 0.62109375 0.053125 0.0265625
0 0.5921875 0.578125 0.0234375 0.103125
0 0.36015625 0.584375 0.0265625 0.1703125
0 0.3359375 0.5890625 0.025 0.1265625