0 0.259375 0.740625 0.03515625 0.13984375
0 0.94296875 0.61015625 0.08671875 0.03828125
0 0.96953125 0.64765625 0.03359375 0.01796875
0 0.92265625 0.6453125 0.03203125 0.01796875
0 0.92265625 0.6671875 0.03359375 0.0234375
0 0.9234375 0.69453125 0.03203125 0.0203125
0 0.9671875 0.69609375 0.03515625 0.021875
0 0.96796875 0.71640625 0.03515625 0.021875
0 0.925 0.715625 0.025 0.01640625
0 0.92109375 0.73984375 0.03203125 0.01796875
0 0.9671875 0.74140625 0.03515625 0.01796875
0 0.9640625 0.7625 0.03203125 0.01796875
0 0.921875 0.7609375 0.03515625 0.01796875
0 0.91953125 0.78515625 0.03515625 0.01796875
0 0.96328125 0.78671875 0.028125 0.01640625
0 0.92109375 0.80703125 0.028125 0.01640625
0 0.96484375 0.809375 0.0296875 0.01796875
0 0.9609375 0.8296875 0.025 0.01640625
0 0.92265625 0.82890625 0.028125 0.01796875
0 0.9203125 0.8515625 0.03515625 0.01796875
0 0.965625 0.85078125 0.03671875 0.0234375
0 0.96328125 0.87578125 0.0296875 0.01796875
0 0.9171875 0.87578125 0.03515625 0.021875
0 0.921875 0.89765625 0.0296875 0.01640625
0 0.9484375 0.8953125 0.00703125 0.01640625
0 0.965625 0.89921875 0.03203125 0.0203125
0 0.96484375 0.92421875 0.03515625 0.021875
0 0.9203125 0.91796875 0.025 0.01640625
0 0.93359375 0.96953125 0.00703125 0.01484375
0 0.915625 0.96484375 0.028125 0.01796875
0 0.96328125 0.9703125 0.03203125 0.0203125
0 0.9609375 0.98984375 0.03203125 0.0203125
0 0.846875 0.93984375 0.0296875 0.01484375
0 0.84765625 0.96171875 0.028125 0.01796875
0 0.846875 0.9859375 0.0296875 0.01640625
0 0.84609375 0.91640625 0.03203125 0.01796875
0 0.846875 0.8921875 0.03515625 0.0203125
0 0.8484375 0.87109375 0.028125 0.0203125
0 0.846875 0.8484375 0.03203125 0.01640625
0 0.85 0.82578125 0.03359375 0.0203125
0 0.84765625 0.80234375 0.03671875 0.0203125
0 0.8484375 0.77890625 0.0296875 0.01796875
0 0.8484375 0.75703125 0.0296875 0.01796875
0 0.84921875 0.73359375 0.0296875 0.01796875
0 0.85078125 0.7109375 0.03203125 0.0203125
0 0.85078125 0.68984375 0.03359375 0.01640625
0 0.85 0.665625 0.03671875 0.01796875
0 0.85078125 0.6421875 0.03359375 0.0203125
0 0.8484375 0.6140625 0.03515625 0.0234375
0 0.80546875 0.63984375 0.028125 0.01484375
0 0.8078125 0.66328125 0.03515625 0.0203125
0 0.809375 0.6890625 0.0234375 0.01640625
0 0.80703125 0.71171875 0.0296875 0.01796875
0 0.80859375 0.7359375 0.0296875 0.021875
0 0.809375 0.75546875 0.0296875 0.01640625
0 0.80546875 0.77890625 0.03203125 0.01796875
0 0.80546875 0.80078125 0.028125 0.01796875
0 0.80546875 0.8234375 0.03359375 0.0234375
0 0.80703125 0.8453125 0.0296875 0.0203125
0 0.80390625 0.8703125 0.028125 0.01796875
0 0.80546875 0.89140625 0.0296875 0.0203125
0 0.80546875 0.91484375 0.028125 0.0203125
0 0.80703125 0.9375 0.0265625 0.01796875
0 0.8015625 0.95859375 0.03359375 0.021875
0 0.8 0.9828125 0.03671875 0.01796875
0 0.7296875 0.87890625 0.0296875 0.171875
0 0.70546875 0.6296875 0.01484375 0.01328125
0 0.734375 0.70859375 0.0296875 0.11484375
0 0.7015625 0.69453125 0.0265625 0.11484375
0 0.70078125 0.80703125 0.0203125 0.0953125
0 0.69609375 0.9171875 0.028125 0.11640625
0 0.62421875 0.81953125 0.03828125 0.16171875
0 0.58203125 0.9640625 0.01796875 0.01796875
0 0.57265625 0.8265625 0.05 0.253125
0 0.50546875 0.7015625 0.028125 0.10703125
0 0.50703125 0.87734375 0.03515625 0.146875
0 0.465625 0.94453125 0.0265625 0.01796875
0 0.4703125 0.92421875 0.025 0.01796875
0 0.46796875 0.859375 0.0234375 0.01796875
0 0.46484375 0.83671875 0.03671875 0.0234375
0 0.46328125 0.8171875 0.03203125 0.021875
0 0.46484375 0.79296875 0.03515625 0.0203125
0 0.46640625 0.7703125 0.03203125 0.01796875
0 0.4609375 0.7421875 0.04140625 0.025
0 0.4640625 0.72109375 0.03203125 0.0203125
0 0.46484375 0.696875 0.03671875 0.0203125
0 0.46484375 0.66953125 0.028125 0.01796875
0 0.47109375 0.634375 0.0546875 0.03359375
0 0.40546875 0.6890625 0.01640625 0.071875
0 0.4015625 0.8125 0.01328125 0.0546875
0 0.3734375 0.79453125 0.0265625 0.1453125
0 0.353125 0.86015625 0.01171875 0.05
0 0.34140625 0.853125 0.01640625 0.0734375
0 0.321875 0.86328125 0.01484375 0.06015625
0 0.296875 0.8140625 0.03203125 0.1796875
0 0.29140625 0.69453125 0.01328125 0.0484375
0 0.2078125 0.89296875 0.1296875 0.04140625
0 0.22734375 0.9390625 0.13515625 0.053125
0 0.6671875 0.40703125 0.0515625 0.03203125
0 0.66796875 0.37890625 0.053125 0.0265625
0 0.5921875 0.421875 0.0234375 0.103125
0 0.36015625 0.415625 0.0265625 0.1703125
0 0.3359375 0.4109375 0.025 0.1265625