0 0.18515625 0.96015625 0.13359375 0.0796875
0 0.33984375 0.678125 0.11328125 0.21328125
0 0.88828125 0.5015625 0.025 0.06015625
0 0.9203125 0.478125 0.01484375 0.03671875
0 0.93046875 0.48046875 0.0203125 0.05
0 0.90390625 0.43984375 0.01640625 0.03828125
0 0.91328125 0.43671875 0.01640625 0.03828125
0 0.9359375 0.42421875 0.021875 0.0453125
0 0.94296875 0.4765625 0.021875 0.0515625
0 0.99609375 0.4453125 0.0078125 0.053125
0 0.996875 0.3859375 0.00625 0.05
0 0.0703125 0.4859375 0.13671875 0.13203125