0 0.85078125 0.1546875 0.18203125 0.28203125
0 0.890625 0.6734375 0.01640625 0.04296875
0 0.90390625 0.67421875 0.01640625 0.0453125
0 0.9140625 0.684375 0.01796875 0.05859375
0 0.89609375 0.81484375 0.0234375 0.06796875
0 0.79609375 0.8109375 0.01171875 0.028125
0 0.72109375 0.8015625 0.01015625 0.021875
0 0.70390625 0.79765625 0.01015625 0.025
0 0.7859375 0.65703125 0.01640625 0.046875
0 0.73828125 0.65078125 0.01640625 0.0484375
0 0.72890625 0.425 0.01484375 0.03984375
0 0.7140625 0.64921875 0.01640625 0.0484375
0 0.66796875 0.640625 0.01640625 0.0484375
0 0.6796875 0.79296875 0.01015625 0.0234375
0 0.671875 0.7890625 0.01171875 0.03203125
0 0.6546875 0.79140625 0.01015625 0.021875
0 0.6484375 0.78671875 0.01171875 0.0296875
0 0.65078125 0.82578125 0.01171875 0.0296875
0 0.62890625 0.9796875 0.021875 0.03671875
0 0.57734375 0.9703125 0.021875 0.05703125
0 0.625 0.8203125 0.01015625 0.0265625
0 0.63046875 0.78515625 0.01015625 0.0265625
0 0.62265625 0.78203125 0.01328125 0.03359375
0 0.61953125 0.8171875 0.01015625 0.0234375
0 0.59453125 0.81484375 0.01015625 0.0234375
0 0.5828125 0.77890625 0.01015625 0.0265625
0 0.59921875 0.784375 0.01015625 0.0234375
0 0.57734375 0.81328125 0.01015625 0.0265625
0 0.56796875 0.81171875 0.01015625 0.0265625
0 0.553125 0.8109375 0.01015625 0.0265625
0 0.64453125 0.6390625 0.01796875 0.053125
0 0.64921875 0.590625 0.00859375 0.01015625
0 0.64140625 0.57734375 0.01484375 0.046875
0 0.59921875 0.62578125 0.01484375 0.03984375
0 0.6203125 0.58515625 0.01015625 0.0234375
0 0.60703125 0.57265625 0.01484375 0.04296875
0 0.59609375 0.57109375 0.01640625 0.0453125
0 0.50390625 0.55 0.0203125 0.0546875
0 0.55078125 0.625 0.01640625 0.05
0 0.54140625 0.61796875 0.01640625 0.0453125
0 0.5171875 0.615625 0.01640625 0.046875
0 0.4921875 0.6125 0.01640625 0.0484375
0 0.55078125 0.7734375 0.01015625 0.0265625
0 0.52109375 0.80390625 0.01015625 0.0265625
0 0.50546875 0.80234375 0.01015625 0.0265625
0 0.49453125 0.8125 0.01484375 0.04296875
0 0.5015625 0.76484375 0.01015625 0.0234375
0 0.48046875 0.8125 0.0203125 0.0546875
0 0.45703125 0.8109375 0.01796875 0.05859375
0 0.48046875 0.96640625 0.0203125 0.06328125
0 0.425 0.959375 0.01796875 0.0546875
0 0.4421875 0.7390625 0.021875 0.0546875
0 0.4703125 0.6125 0.01796875 0.0484375
0 0.46796875 0.54921875 0.01640625 0.0453125
0 0.459375 0.603125 0.01328125 0.03828125
0 0.4484375 0.603125 0.01640625 0.04296875
0 0.44453125 0.54609375 0.01640625 0.0484375
0 0.43359375 0.54296875 0.01640625 0.0453125
0 0.39296875 0.734375 0.01796875 0.0546875
0 0.3484375 0.7921875 0.0203125 0.0546875
0 0.34609375 0.728125 0.01640625 0.0484375
0 0.40078125 0.59765625 0.01640625 0.05
0 0.38828125 0.590625 0.01484375 0.03671875
0 0.365625 0.59296875 0.01796875 0.0515625
0 0.3421875 0.5953125 0.021875 0.06171875
0 0.321875 0.721875 0.0203125 0.05859375
0 0.3109375 0.78984375 0.01796875 0.05859375
0 0.31328125 0.95234375 0.01328125 0.03515625
0 0.3015625 0.9546875 0.01171875 0.0296875
0 0.3078125 0.9875 0.03203125 0.021875
0 0.296875 0.93359375 0.01015625 0.06640625
0 0.29296875 0.83359375 0.003125 0.01640625
0 0.296875 0.78671875 0.01015625 0.01640625
0 0.29765625 0.7734375 0.01171875 0.01328125
0 0.29765625 0.759375 0.01171875 0.01484375
0 0.29921875 0.74609375 0.01484375 0.01484375
0 0.29765625 0.721875 0.01171875 0.01328125
0 0.30234375 0.71328125 0.0234375 0.01484375
0 0.3046875 0.68828125 0.021875 0.01640625
0 0.309375 0.67421875 0.01796875 0.01328125
0 0.3125 0.646875 0.01796875 0.01328125
0 0.3171875 0.60546875 0.01796875 0.01484375
0 0.32265625 0.58984375 0.01796875 0.01484375
0 0.33203125 0.5375 0.01328125 0.01171875
0 0.34140625 0.4578125 0.01484375 0.01328125
0 0.35234375 0.39140625 0.01640625 0.01328125
0 0.3671875 0.41484375 0.01015625 0.0265625
0 0.3765625 0.4234375 0.01328125 0.03984375
0 0.38671875 0.37578125 0.0203125 0.03203125
0 0.396875 0.37578125 0.01328125 0.03203125
0 0.40703125 0.3765625 0.01328125 0.03359375
0 0.41796875 0.375 0.01328125 0.0296875
0 0.4 0.421875 0.01171875 0.03359375
0 0.4109375 0.4234375 0.01171875 0.0296875
0 0.41953125 0.42734375 0.01484375 0.04296875
0 0.42421875 0.3875 0.0046875 0.01171875
0 0.5046875 0.40703125 0.00859375 0.00859375
0 0.42890625 0.37578125 0.01171875 0.0296875
0 0.43203125 0.428125 0.01640625 0.04296875
0 0.43828125 0.37734375 0.01171875 0.028125
0 0.4578125 0.38359375 0.01328125 0.03515625
0 0.4515625 0.42578125 0.01328125 0.03359375
0 0.4609375 0.4328125 0.01640625 0.04140625
0 0.46953125 0.384375 0.01328125 0.03515625
0 0.471875 0.42890625 0.01015625 0.0234375
0 0.4828125 0.43203125 0.01171875 0.0296875
0 0.48828125 0.38515625 0.01328125 0.03984375
0 0.49140625 0.43828125 0.01484375 0.03828125
0 0.51015625 0.390625 0.01171875 0.03359375
0 0.5015625 0.43515625 0.01484375 0.03515625
0 0.51328125 0.43828125 0.01328125 0.03828125
0 0.52109375 0.3890625 0.01328125 0.03671875
0 0.521875 0.4421875 0.01640625 0.04296875
0 0.53359375 0.44453125 0.01640625 0.03984375
0 0.5296875 0.396875 0.01328125 0.028125
0 0.5421875 0.4421875 0.01171875 0.03671875
0 0.553125 0.45 0.01640625 0.04140625
0 0.55078125 0.39765625 0.01171875 0.03359375
0 0.5609375 0.3984375 0.01171875 0.03203125
0 0.5734375 0.446875 0.01015625 0.0265625
0 0.59140625 0.39921875 0.01640625 0.04140625
0 0.584375 0.453125 0.01640625 0.0453125
0 0.5953125 0.453125 0.01484375 0.03984375
0 0.6125 0.40390625 0.01640625 0.04296875
0 0.62421875 0.40703125 0.01328125 0.03828125
0 0.6046875 0.45859375 0.01640625 0.0453125
0 0.61640625 0.45703125 0.01328125 0.03671875
0 0.62734375 0.46171875 0.01640625 0.0453125
0 0.63671875 0.45859375 0.01484375 0.03828125
0 0.64921875 0.4625 0.01640625 0.046875
0 0.659375 0.46328125 0.01484375 0.03828125
0 0.65703125 0.41328125 0.01328125 0.03359375
0 0.678125 0.41953125 0.01015625 0.0265625
0 0.6703125 0.46328125 0.01328125 0.03515625
0 0.68203125 0.46640625 0.01328125 0.03828125
0 0.69140625 0.47109375 0.01640625 0.0453125
0 0.70078125 0.471875 0.01484375 0.04296875
0 0.72109375 0.47109375 0.01328125 0.03671875
0 0.73359375 0.47734375 0.01640625 0.0453125
0 0.75 0.43046875 0.01171875 0.028125
0 0.753125 0.4765625 0.01328125 0.03203125
0 0.78046875 0.43046875 0.01171875 0.03359375
0 0.79296875 0.48359375 0.01171875 0.03671875
0 0.80390625 0.484375 0.01015625 0.0234375
0 0.8109375 0.434375 0.01640625 0.046875
0 0.84296875 0.43671875 0.01015625 0.0234375
0 0.84453125 0.4921875 0.01328125 0.03203125
0 0.8625 0.44296875 0.01328125 0.03828125
0 0.8546875 0.48671875 0.01015625 0.025
0 0.86328125 0.49453125 0.01640625 0.04296875
0 0.871875 0.4453125 0.01328125 0.03828125
0 0.884375 0.4984375 0.01328125 0.03828125
0 0.8828125 0.446875 0.01640625 0.04140625
0 0.90390625 0.48515625 0.00859375 0.01328125
0 0.8953125 0.503125 0.01328125 0.03515625
0 0.95078125 0.66328125 0.0046875 0.00859375
0 0.93984375 0.67890625 0.01640625 0.04140625
0 0.95 0.68515625 0.01640625 0.0484375
0 0.9625 0.68671875 0.01640625 0.0484375
0 0.9703125 0.62578125 0.01796875 0.046875
0 0.91484375 0.50546875 0.01171875 0.03359375
0 0.93671875 0.509375 0.01640625 0.0484375
0 0.95859375 0.50859375 0.01328125 0.03515625
0 0.96953125 0.5078125 0.01015625 0.0265625
0 0.978125 0.51328125 0.01640625 0.04140625
0 0.990625 0.5125 0.01328125 0.03671875
0 0.98515625 0.4703125 0.01328125 0.03203125
0 0.99609375 0.50390625 0.0078125 0.0796875
0 0.715625 0.98828125 0.01796875 0.0203125
0 0.67421875 0.8296875 0.01171875 0.028125
0 0.7 0.8296875 0.01484375 0.03203125
0 0.72421875 0.83671875 0.01484375 0.03203125
0 0.75078125 0.846875 0.01640625 0.04140625
0 0.8125 0.8625 0.0203125 0.0515625
0 0.8359375 0.85703125 0.01484375 0.03828125
0 0.86171875 0.8765625 0.021875 0.05859375
0 0.921875 0.94453125 0.04140625 0.06171875
0 0.984375 0.878125 0.0296875 0.0453125
0 0.046875 0.67109375 0.08984375 0.2015625