0 0.55859375 0.2015625 0.053125 0.23671875
0 0.4609375 0.00390625 0.140625 0.0078125
0 0.52578125 0.57421875 0.00859375 0.03203125
0 0.509375 0.57421875 0.01796875 0.0296875
0 0.48671875 0.5765625 0.01796875 0.0296875
0 0.4640625 0.57890625 0.021875 0.03359375
0 0.44296875 0.5796875 0.01796875 0.03359375
0 0.41953125 0.58046875 0.0203125 0.03828125
0 0.39609375 0.5828125 0.021875 0.03515625
0 0.3671875 0.58203125 0.025 0.03515625
0 0.390625 0.53828125 0.01640625 0.028125
0 0.4140625 0.53828125 0.021875 0.03515625
0 0.43984375 0.5390625 0.01796875 0.025
0 0.4625 0.53515625 0.0203125 0.03203125
0 0.48671875 0.5359375 0.021875 0.03203125
0 0.50703125 0.53515625 0.01796875 0.0296875
0 0.52421875 0.53046875 0.01171875 0.03515625
0 0.37578125 0.43828125 0.01328125 0.01484375
0 0.4546875 0.46328125 0.11796875 0.03671875
0 0.4390625 0.43046875 0.11796875 0.03359375
0 0.51640625 0.425 0.0265625 0.0265625
0 0.50390625 0.34765625 0.0515625 0.0484375
0 0.48359375 0.29609375 0.09296875 0.06484375
0 0.43671875 0.23515625 0.10859375 0.03203125
0 0.521875 0.18984375 0.01640625 0.03671875
0 0.50234375 0.1921875 0.01796875 0.03203125
0 0.475 0.18828125 0.0265625 0.04296875
0 0.453125 0.1921875 0.021875 0.03359375
0 0.42890625 0.1953125 0.021875 0.03828125
0 0.40234375 0.19609375 0.0203125 0.0296875
0 0.3671875 0.20390625 0.03671875 0.0546875
0 0.41953125 0.1359375 0.071875 0.0203125
0 0.521875 0.12578125 0.01640625 0.01796875
0 0.48828125 0.0984375 0.08359375 0.03671875
0 0.48828125 0.021875 0.08359375 0.04296875
0 0.41796875 0.021875 0.0484375 0.01640625
0 0.15078125 0.4125 0.03359375 0.053125
0 0.1234375 0.4140625 0.0296875 0.0546875
0 0.16171875 0.33671875 0.1046875 0.028125
0 0.14296875 0.1046875 0.171875 0.03515625
0 0.1375 0.08046875 0.128125 0.03203125
0 0.76328125 0.9453125 0.39296875 0.10703125
0 0.1171875 0.8625 0.23203125 0.271875