0 0.9078125 0.43359375 0.1046875 0.29296875
0 0.0453125 0.68828125 0.03984375 0.0203125
0 0.06015625 0.6859375 0.0296875 0.025
0 0.08203125 0.66796875 0.028125 0.028125
0 0.1015625 0.63828125 0.03515625 0.03515625
0 0.11328125 0.62578125 0.028125 0.028125
0 0.1265625 0.603125 0.028125 0.0296875
0 0.1328125 0.65859375 0.01796875 0.01796875
0 0.12109375 0.675 0.021875 0.021875
0 0.18828125 0.690625 0.0234375 0.01484375
0 0.2015625 0.67578125 0.021875 0.021875
0 0.21328125 0.65546875 0.0234375 0.025
0 0.22734375 0.63984375 0.0234375 0.025
0 0.2328125 0.62578125 0.028125 0.028125
0 0.24609375 0.615625 0.0296875 0.03203125
0 0.228125 0.6 0.01015625 0.01328125
0 0.3546875 0.56484375 0.00703125 0.00859375
0 0.35703125 0.5625 0.01015625 0.01015625
0 0.3609375 0.553125 0.01015625 0.01171875
0 0.37109375 0.5796875 0.0234375 0.021875
0 0.36796875 0.5984375 0.01015625 0.01171875
0 0.36171875 0.60703125 0.01328125 0.01328125
0 0.35546875 0.61796875 0.01484375 0.01328125
0 0.3484375 0.64296875 0.01015625 0.01015625
0 0.340625 0.6546875 0.01015625 0.01171875
0 0.3125 0.6609375 0.0515625 0.075
0 0.5125 0.86953125 0.08203125 0.06484375
0 0.8703125 0.98046875 0.08671875 0.03515625
0 0.128125 0.78515625 0.096875 0.1703125