0 0.2015625 0.41015625 0.2765625 0.43671875
0 0.946875 0.34609375 0.053125 0.05859375
0 0.990625 0.42890625 0.01484375 0.01640625
0 0.9609375 0.58828125 0.028125 0.028125
0 0.9484375 0.5765625 0.046875 0.046875
0 0.9375 0.56484375 0.0453125 0.0453125
0 0.9203125 0.5609375 0.03359375 0.03515625
0 0.89453125 0.546875 0.03203125 0.03203125
0 0.865625 0.52421875 0.03984375 0.03984375
0 0.85078125 0.51484375 0.03203125 0.03203125
0 0.83203125 0.49765625 0.03359375 0.03359375
0 0.8421875 0.5515625 0.0203125 0.0203125
0 0.859375 0.5640625 0.025 0.025
0 0.8921875 0.5890625 0.01640625 0.01640625
0 0.94453125 0.62265625 0.01796875 0.01171875
0 0.83671875 0.6265625 0.01328125 0.003125
0 0.8453125 0.625 0.0265625 0.00703125
0 0.82578125 0.61953125 0.028125 0.01796875
0 0.8 0.60234375 0.025 0.025
0 0.78203125 0.5890625 0.025 0.025
0 0.76484375 0.57265625 0.0265625 0.028125
0 0.746875 0.56171875 0.0265625 0.028125
0 0.7375 0.55 0.03203125 0.03203125
0 0.721875 0.54453125 0.03515625 0.03671875
0 0.734375 0.52421875 0.01328125 0.01484375
0 0.60234375 0.528125 0.00859375 0.01015625
0 0.6 0.52578125 0.01171875 0.01171875
0 0.59296875 0.51796875 0.01328125 0.01328125
0 0.59140625 0.546875 0.0265625 0.025
0 0.59921875 0.56328125 0.01328125 0.01328125
0 0.60859375 0.56953125 0.01640625 0.01640625
0 0.61640625 0.57890625 0.01796875 0.01640625
0 0.63203125 0.60078125 0.01171875 0.01171875
0 0.6421875 0.609375 0.01328125 0.01328125
0 0.671875 0.59765625 0.06640625 0.06171875
0 0.6953125 0.91796875 0.075 0.06015625