0 0.7984375 0.41015625 0.2765625 0.43671875
0 0.053125 0.34609375 0.053125 0.05859375
0 0.009375 0.42890625 0.01484375 0.01640625
0 0.0390625 0.58828125 0.028125 0.028125
0 0.0515625 0.5765625 0.046875 0.046875
0 0.0625 0.56484375 0.0453125 0.0453125
0 0.0796875 0.5609375 0.03359375 0.03515625
0 0.10546875 0.546875 0.03203125 0.03203125
0 0.134375 0.52421875 0.03984375 0.03984375
0 0.14921875 0.51484375 0.03203125 0.03203125
0 0.16796875 0.49765625 0.03359375 0.03359375
0 0.1578125 0.5515625 0.0203125 0.0203125
0 0.140625 0.5640625 0.025 0.025
0 0.1078125 0.5890625 0.01640625 0.01640625
0 0.05546875 0.62265625 0.01796875 0.01171875
0 0.16328125 0.6265625 0.01328125 0.003125
0 0.1546875 0.625 0.0265625 0.00703125
0 0.17421875 0.61953125 0.028125 0.01796875
0 0.2 0.60234375 0.025 0.025
0 0.21796875 0.5890625 0.025 0.025
0 0.23515625 0.57265625 0.0265625 0.028125
0 0.253125 0.56171875 0.0265625 0.028125
0 0.2625 0.55 0.03203125 0.03203125
0 0.278125 0.54453125 0.03515625 0.03671875
0 0.265625 0.52421875 0.01328125 0.01484375
0 0.39765625 0.528125 0.00859375 0.01015625
0 0.4 0.52578125 0.01171875 0.01171875
0 0.40703125 0.51796875 0.01328125 0.01328125
0 0.40859375 0.546875 0.0265625 0.025
0 0.40078125 0.56328125 0.01328125 0.01328125
0 0.39140625 0.56953125 0.01640625 0.01640625
0 0.38359375 0.57890625 0.01796875 0.01640625
0 0.36796875 0.60078125 0.01171875 0.01171875
0 0.3578125 0.609375 0.01328125 0.01328125
0 0.328125 0.59765625 0.06640625 0.06171875
0 0.3046875 0.91796875 0.075 0.06015625