0 0.7984375 0.58984375 0.2765625 0.43671875
0 0.053125 0.65390625 0.053125 0.05859375
0 0.009375 0.57109375 0.01484375 0.01640625
0 0.0390625 0.41171875 0.028125 0.028125
0 0.0515625 0.4234375 0.046875 0.046875
0 0.0625 0.43515625 0.0453125 0.0453125
0 0.0796875 0.4390625 0.03359375 0.03515625
0 0.10546875 0.453125 0.03203125 0.03203125
0 0.134375 0.47578125 0.03984375 0.03984375
0 0.14921875 0.48515625 0.03203125 0.03203125
0 0.16796875 0.50234375 0.03359375 0.03359375
0 0.1578125 0.4484375 0.0203125 0.0203125
0 0.140625 0.4359375 0.025 0.025
0 0.1078125 0.4109375 0.01640625 0.01640625
0 0.05546875 0.37734375 0.01796875 0.01171875
0 0.16328125 0.3734375 0.01328125 0.003125
0 0.1546875 0.375 0.0265625 0.00703125
0 0.17421875 0.38046875 0.028125 0.01796875
0 0.2 0.39765625 0.025 0.025
0 0.21796875 0.4109375 0.025 0.025
0 0.23515625 0.42734375 0.0265625 0.028125
0 0.253125 0.43828125 0.0265625 0.028125
0 0.2625 0.45 0.03203125 0.03203125
0 0.278125 0.45546875 0.03515625 0.03671875
0 0.265625 0.47578125 0.01328125 0.01484375
0 0.39765625 0.471875 0.00859375 0.01015625
0 0.4 0.47421875 0.01171875 0.01171875
0 0.40703125 0.48203125 0.01328125 0.01328125
0 0.40859375 0.453125 0.0265625 0.025
0 0.40078125 0.43671875 0.01328125 0.01328125
0 0.39140625 0.43046875 0.01640625 0.01640625
0 0.38359375 0.42109375 0.01796875 0.01640625
0 0.36796875 0.39921875 0.01171875 0.01171875
0 0.3578125 0.390625 0.01328125 0.01328125
0 0.328125 0.40234375 0.06640625 0.06171875
0 0.3046875 0.08203125 0.075 0.06015625