0 0.0921875 0.43359375 0.1046875 0.29296875
0 0.9546875 0.68828125 0.03984375 0.0203125
0 0.93984375 0.6859375 0.0296875 0.025
0 0.91796875 0.66796875 0.028125 0.028125
0 0.8984375 0.63828125 0.03515625 0.03515625
0 0.88671875 0.62578125 0.028125 0.028125
0 0.8734375 0.603125 0.028125 0.0296875
0 0.8671875 0.65859375 0.01796875 0.01796875
0 0.87890625 0.675 0.021875 0.021875
0 0.81171875 0.690625 0.0234375 0.01484375
0 0.7984375 0.67578125 0.021875 0.021875
0 0.78671875 0.65546875 0.0234375 0.025
0 0.77265625 0.63984375 0.0234375 0.025
0 0.7671875 0.62578125 0.028125 0.028125
0 0.75390625 0.615625 0.0296875 0.03203125
0 0.771875 0.6 0.01015625 0.01328125
0 0.6453125 0.56484375 0.00703125 0.00859375
0 0.64296875 0.5625 0.01015625 0.01015625
0 0.6390625 0.553125 0.01015625 0.01171875
0 0.62890625 0.5796875 0.0234375 0.021875
0 0.63203125 0.5984375 0.01015625 0.01171875
0 0.63828125 0.60703125 0.01328125 0.01328125
0 0.64453125 0.61796875 0.01484375 0.01328125
0 0.6515625 0.64296875 0.01015625 0.01015625
0 0.659375 0.6546875 0.01015625 0.01171875
0 0.6875 0.6609375 0.0515625 0.075
0 0.4875 0.86953125 0.08203125 0.06484375
0 0.1296875 0.98046875 0.08671875 0.03515625
0 0.871875 0.78515625 0.096875 0.1703125