0 0.46171875 0.1765625 0.13671875 0.11640625
0 0.759375 0.925 0.00859375 0.00859375
0 0.7953125 0.90390625 0.00859375 0.00859375
0 0.821875 0.8875 0.00859375 0.00859375
0 0.84921875 0.81328125 0.00859375 0.01015625
0 0.878125 0.76328125 0.01015625 0.00859375
0 0.89921875 0.7296875 0.01015625 0.00859375
0 0.8625 0.6046875 0.01640625 0.01484375
0 0.890625 0.63671875 0.01328125 0.01328125
0 0.88984375 0.675 0.00859375 0.01015625
0 0.93515625 0.6734375 0.00859375 0.00859375
0 0.9453125 0.6109375 0.01015625 0.00859375
0 0.975 0.6203125 0.00859375 0.00859375
0 0.44765625 0.5453125 0.16484375 0.13359375