0 0.53828125 0.1765625 0.13671875 0.11640625
0 0.240625 0.925 0.00859375 0.00859375
0 0.2046875 0.90390625 0.00859375 0.00859375
0 0.178125 0.8875 0.00859375 0.00859375
0 0.15078125 0.81328125 0.00859375 0.01015625
0 0.121875 0.76328125 0.01015625 0.00859375
0 0.10078125 0.7296875 0.01015625 0.00859375
0 0.1375 0.6046875 0.01640625 0.01484375
0 0.109375 0.63671875 0.01328125 0.01328125
0 0.11015625 0.675 0.00859375 0.01015625
0 0.06484375 0.6734375 0.00859375 0.00859375
0 0.0546875 0.6109375 0.01015625 0.00859375
0 0.025 0.6203125 0.00859375 0.00859375
0 0.55234375 0.5453125 0.16484375 0.13359375