0 0.46171875 0.8234375 0.13671875 0.11640625
0 0.759375 0.075 0.00859375 0.00859375
0 0.7953125 0.09609375 0.00859375 0.00859375
0 0.821875 0.1125 0.00859375 0.00859375
0 0.84921875 0.18671875 0.00859375 0.01015625
0 0.878125 0.23671875 0.01015625 0.00859375
0 0.89921875 0.2703125 0.01015625 0.00859375
0 0.8625 0.3953125 0.01640625 0.01484375
0 0.890625 0.36328125 0.01328125 0.01328125
0 0.88984375 0.325 0.00859375 0.01015625
0 0.93515625 0.3265625 0.00859375 0.00859375
0 0.9453125 0.3890625 0.01015625 0.00859375
0 0.975 0.3796875 0.00859375 0.00859375
0 0.44765625 0.4546875 0.16484375 0.13359375