0 0.475 0.67421875 0.3265625 0.16171875
0 0.9078125 0.13671875 0.184375 0.1796875
0 0.1703125 0.36796875 0.0046875 0.00859375
0 0.25078125 0.4140625 0.00859375 0.00859375
0 0.28828125 0.39765625 0.00859375 0.00859375
0 0.3171875 0.3859375 0.00859375 0.00859375
0 0.39453125 0.4078125 0.01015625 0.00859375
0 0.4515625 0.41328125 0.00859375 0.01015625
0 0.490625 0.41484375 0.00859375 0.01015625
0 0.5703125 0.51953125 0.01484375 0.01640625
0 0.56171875 0.47734375 0.01328125 0.01328125
0 0.5296875 0.4546875 0.01015625 0.00859375
0 0.5578125 0.41953125 0.00859375 0.00859375
0 0.6140625 0.4484375 0.00859375 0.01015625
0 0.62421875 0.41953125 0.00859375 0.00859375
0 0.66484375 0.39765625 0.00859375 0.01015625
0 0.7765625 0.47578125 0.01640625 0.0203125