0 0.525 0.32578125 0.3265625 0.16171875
0 0.0921875 0.86328125 0.184375 0.1796875
0 0.8296875 0.63203125 0.0046875 0.00859375
0 0.74921875 0.5859375 0.00859375 0.00859375
0 0.71171875 0.60234375 0.00859375 0.00859375
0 0.6828125 0.6140625 0.00859375 0.00859375
0 0.60546875 0.5921875 0.01015625 0.00859375
0 0.5484375 0.58671875 0.00859375 0.01015625
0 0.509375 0.58515625 0.00859375 0.01015625
0 0.4296875 0.48046875 0.01484375 0.01640625
0 0.43828125 0.52265625 0.01328125 0.01328125
0 0.4703125 0.5453125 0.01015625 0.00859375
0 0.4421875 0.58046875 0.00859375 0.00859375
0 0.3859375 0.5515625 0.00859375 0.01015625
0 0.37578125 0.58046875 0.00859375 0.00859375
0 0.33515625 0.60234375 0.00859375 0.01015625
0 0.2234375 0.52421875 0.01640625 0.0203125