0 0.38359375 0.06640625 0.025 0.03515625
0 0.70625 0.1296875 0.0453125 0.053125
0 0.85234375 0.40625 0.025 0.04296875
0 0.6265625 0.50390625 0.0390625 0.03515625
0 0.475 0.2234375 0.03125 0.0453125
0 0.31953125 0.28515625 0.0484375 0.03515625
0 0.08515625 0.21875 0.025 0.0546875
0 0.1859375 0.37109375 0.0390625 0.03515625
0 0.06640625 0.39375 0.03515625 0.0453125
0 0.09375 0.5171875 0.03515625 0.03515625
0 0.2484375 0.51875 0.0390625 0.0453125
0 0.3296875 0.6859375 0.03515625 0.03125
0 0.5 0.59375 0.04296875 0.03515625
0 0.57109375 0.73046875 0.0375 0.03125
0 0.421875 0.8234375 0.0390625 0.040625
0 0.21171875 0.7828125 0.040625 0.0390625
0 0.29296875 0.94140625 0.03125 0.03515625