0 0.85546875 0.9390625 0.05859375 0.05859375
0 0.296875 0.80390625 0.0390625 0.053125
0 0.5109375 0.52421875 0.084375 0.084375
0 0.4359375 0.3765625 0.05859375 0.06640625
0 0.0796875 0.3453125 0.0625 0.05859375
0 0.17578125 0.16484375 0.06640625 0.0453125
0 0.27265625 0.05390625 0.053125 0.0375
0 0.4484375 0.1375 0.084375 0.0453125
0 0.5125 0.25390625 0.0453125 0.03515625
0 0.871875 0.53984375 0.0484375 0.071875
0 0.91328125 0.42890625 0.040625 0.053125
0 0.7765625 0.7640625 0.134375 0.09765625
0 0.60546875 0.0796875 0.05859375 0.0625