0 0.1734375 0.771875 0.03515625 0.0625
0 0.0875 0.44921875 0.03125 0.06640625
0 0.02734375 0.3765625 0.02734375 0.06640625
0 0.03125 0.2546875 0.02734375 0.0453125
0 0.05 0.2015625 0.0453125 0.03515625
0 0.0625 0.14921875 0.02734375 0.0484375
0 0.11796875 0.0921875 0.040625 0.0390625
0 0.2328125 0.13359375 0.02734375 0.053125
0 0.27265625 0.0453125 0.025 0.0546875
0 0.39921875 0.24296875 0.040625 0.05625
0 0.2359375 0.2640625 0.02734375 0.0546875
0 0.1046875 0.30859375 0.021875 0.03515625
0 0.20703125 0.44453125 0.03125 0.040625
0 0.2796875 0.39921875 0.03125 0.05625
0 0.4265625 0.421875 0.040625 0.07421875
0 0.5625 0.4203125 0.0546875 0.0546875
0 0.328125 0.171875 0.03125 0.05078125