0 0.1734375 0.228125 0.03515625 0.0625
0 0.0875 0.55078125 0.03125 0.06640625
0 0.02734375 0.6234375 0.02734375 0.06640625
0 0.03125 0.7453125 0.02734375 0.0453125
0 0.05 0.7984375 0.0453125 0.03515625
0 0.0625 0.85078125 0.02734375 0.0484375
0 0.11796875 0.9078125 0.040625 0.0390625
0 0.2328125 0.86640625 0.02734375 0.053125
0 0.27265625 0.9546875 0.025 0.0546875
0 0.39921875 0.75703125 0.040625 0.05625
0 0.2359375 0.7359375 0.02734375 0.0546875
0 0.1046875 0.69140625 0.021875 0.03515625
0 0.20703125 0.55546875 0.03125 0.040625
0 0.2796875 0.60078125 0.03125 0.05625
0 0.4265625 0.578125 0.040625 0.07421875
0 0.5625 0.5796875 0.0546875 0.0546875
0 0.328125 0.828125 0.03125 0.05078125