0 0.8265625 0.228125 0.03515625 0.0625
0 0.9125 0.55078125 0.03125 0.06640625
0 0.97265625 0.6234375 0.02734375 0.06640625
0 0.96875 0.7453125 0.02734375 0.0453125
0 0.95 0.7984375 0.0453125 0.03515625
0 0.9375 0.85078125 0.02734375 0.0484375
0 0.88203125 0.9078125 0.040625 0.0390625
0 0.7671875 0.86640625 0.02734375 0.053125
0 0.72734375 0.9546875 0.025 0.0546875
0 0.60078125 0.75703125 0.040625 0.05625
0 0.7640625 0.7359375 0.02734375 0.0546875
0 0.8953125 0.69140625 0.021875 0.03515625
0 0.79296875 0.55546875 0.03125 0.040625
0 0.7203125 0.60078125 0.03125 0.05625
0 0.5734375 0.578125 0.040625 0.07421875
0 0.4375 0.5796875 0.0546875 0.0546875
0 0.671875 0.828125 0.03125 0.05078125