0 0.14453125 0.0609375 0.05859375 0.05859375
0 0.703125 0.19609375 0.0390625 0.053125
0 0.4890625 0.47578125 0.084375 0.084375
0 0.5640625 0.6234375 0.05859375 0.06640625
0 0.9203125 0.6546875 0.0625 0.05859375
0 0.82421875 0.83515625 0.06640625 0.0453125
0 0.72734375 0.94609375 0.053125 0.0375
0 0.5515625 0.8625 0.084375 0.0453125
0 0.4875 0.74609375 0.0453125 0.03515625
0 0.128125 0.46015625 0.0484375 0.071875
0 0.08671875 0.57109375 0.040625 0.053125
0 0.2234375 0.2359375 0.134375 0.09765625
0 0.39453125 0.9203125 0.05859375 0.0625