0 0.60234375 0.97734375 0.025 0.0375
0 0.6453125 0.9734375 0.021875 0.0171875
0 0.7015625 0.9671875 0.02734375 0.03125
0 0.75859375 0.925 0.025 0.0453125
0 0.7390625 0.8734375 0.040625 0.05859375
0 0.7796875 0.7921875 0.0390625 0.040625
0 0.69609375 0.81640625 0.0375 0.0625
0 0.5921875 0.890625 0.0234375 0.05859375
0 0.609375 0.78984375 0.03125 0.0375
0 0.6859375 0.63203125 0.03125 0.05625
0 0.5640625 0.6421875 0.03125 0.0703125
0 0.5828125 0.53984375 0.021875 0.025
0 0.64921875 0.546875 0.021875 0.03125
0 0.4984375 0.53984375 0.03125 0.0453125
0 0.765625 0.42890625 0.05078125 0.071875
0 0.6078125 0.30390625 0.0546875 0.0375
0 0.725 0.246875 0.03125 0.0484375
0 0.796875 0.184375 0.0390625 0.0484375
0 0.7484375 0.090625 0.03125 0.0484375
0 0.6671875 0.1765625 0.040625 0.040625
0 0.65234375 0.22734375 0.02734375 0.0375
0 0.49609375 0.2703125 0.03515625 0.040625
0 0.44609375 0.1875 0.0171875 0.02734375
0 0.421875 0.1078125 0.03125 0.0546875
0 0.6234375 0.06953125 0.0234375 0.040625