0 0.22265625 0.09375 0.02734375 0.02734375
0 0.2609375 0.215625 0.040625 0.0484375
0 0.37890625 0.1765625 0.02734375 0.0484375
0 0.34765625 0.36640625 0.02734375 0.0375
0 0.35546875 0.4375 0.03125 0.03515625
0 0.36796875 0.5421875 0.021875 0.040625
0 0.52734375 0.4890625 0.03515625 0.0484375
0 0.67890625 0.47265625 0.0375 0.03515625
0 0.73046875 0.58203125 0.03125 0.03125
0 0.8234375 0.5875 0.040625 0.03125
0 0.7515625 0.69609375 0.0390625 0.0375
0 0.828125 0.7328125 0.03125 0.02734375
0 0.8265625 0.8 0.02734375 0.0453125
0 0.8390625 0.8734375 0.0453125 0.03125
0 0.7828125 0.9 0.0234375 0.03125
0 0.75859375 0.9390625 0.025 0.0234375
0 0.7828125 0.97265625 0.03125 0.02734375
0 0.68359375 0.9671875 0.02734375 0.03125
0 0.69453125 0.8140625 0.040625 0.03125
0 0.703125 0.6703125 0.03125 0.03515625
0 0.6609375 0.6546875 0.0171875 0.0234375
0 0.515625 0.703125 0.03125 0.03125
0 0.34375 0.75 0.02734375 0.03515625
0 0.3421875 0.8421875 0.03125 0.03125
0 0.37109375 0.90234375 0.02734375 0.02734375
0 0.5640625 0.8375 0.0390625 0.03125
0 0.5625 0.8953125 0.02734375 0.021875
0 0.6265625 0.92890625 0.03125 0.0375
0 0.58671875 0.97734375 0.021875 0.025
0 0.53828125 0.984375 0.021875 0.03125
0 0.7203125 0.9625 0.0234375 0.0234375