0 0.60234375 0.02265625 0.025 0.0375
0 0.6453125 0.0265625 0.021875 0.0171875
0 0.7015625 0.0328125 0.02734375 0.03125
0 0.75859375 0.075 0.025 0.0453125
0 0.7390625 0.1265625 0.040625 0.05859375
0 0.7796875 0.2078125 0.0390625 0.040625
0 0.69609375 0.18359375 0.0375 0.0625
0 0.5921875 0.109375 0.0234375 0.05859375
0 0.609375 0.21015625 0.03125 0.0375
0 0.6859375 0.36796875 0.03125 0.05625
0 0.5640625 0.3578125 0.03125 0.0703125
0 0.5828125 0.46015625 0.021875 0.025
0 0.64921875 0.453125 0.021875 0.03125
0 0.4984375 0.46015625 0.03125 0.0453125
0 0.765625 0.57109375 0.05078125 0.071875
0 0.6078125 0.69609375 0.0546875 0.0375
0 0.725 0.753125 0.03125 0.0484375
0 0.796875 0.815625 0.0390625 0.0484375
0 0.7484375 0.909375 0.03125 0.0484375
0 0.6671875 0.8234375 0.040625 0.040625
0 0.65234375 0.77265625 0.02734375 0.0375
0 0.49609375 0.7296875 0.03515625 0.040625
0 0.44609375 0.8125 0.0171875 0.02734375
0 0.421875 0.8921875 0.03125 0.0546875
0 0.6234375 0.93046875 0.0234375 0.040625