0 0.39765625 0.97734375 0.025 0.0375
0 0.3546875 0.9734375 0.021875 0.0171875
0 0.2984375 0.9671875 0.02734375 0.03125
0 0.24140625 0.925 0.025 0.0453125
0 0.2609375 0.8734375 0.040625 0.05859375
0 0.2203125 0.7921875 0.0390625 0.040625
0 0.30390625 0.81640625 0.0375 0.0625
0 0.4078125 0.890625 0.0234375 0.05859375
0 0.390625 0.78984375 0.03125 0.0375
0 0.3140625 0.63203125 0.03125 0.05625
0 0.4359375 0.6421875 0.03125 0.0703125
0 0.4171875 0.53984375 0.021875 0.025
0 0.35078125 0.546875 0.021875 0.03125
0 0.5015625 0.53984375 0.03125 0.0453125
0 0.234375 0.42890625 0.05078125 0.071875
0 0.3921875 0.30390625 0.0546875 0.0375
0 0.275 0.246875 0.03125 0.0484375
0 0.203125 0.184375 0.0390625 0.0484375
0 0.2515625 0.090625 0.03125 0.0484375
0 0.3328125 0.1765625 0.040625 0.040625
0 0.34765625 0.22734375 0.02734375 0.0375
0 0.50390625 0.2703125 0.03515625 0.040625
0 0.55390625 0.1875 0.0171875 0.02734375
0 0.578125 0.1078125 0.03125 0.0546875
0 0.3765625 0.06953125 0.0234375 0.040625