0 0.8609375 0.29375 0.02734375 0.0171875
0 0.68046875 0.4234375 0.021875 0.02734375
0 0.4859375 0.56875 0.02734375 0.03125
0 0.7390625 0.5609375 0.040625 0.0390625
0 0.8953125 0.6671875 0.021875 0.040625
0 0.6203125 0.64765625 0.009375 0.025
0 0.5375 0.7171875 0.03125 0.0234375
0 0.53828125 0.75703125 0.021875 0.021875
0 0.42890625 0.765625 0.0171875 0.03125
0 0.74140625 0.8109375 0.025 0.03125
0 0.7375 0.88359375 0.0171875 0.025
0 0.8421875 0.8921875 0.0234375 0.03515625
0 0.890625 0.9 0.0234375 0.03125
0 0.8859375 0.96875 0.021875 0.03515625