0 0.77734375 0.09375 0.02734375 0.02734375
0 0.7390625 0.215625 0.040625 0.0484375
0 0.62109375 0.1765625 0.02734375 0.0484375
0 0.65234375 0.36640625 0.02734375 0.0375
0 0.64453125 0.4375 0.03125 0.03515625
0 0.63203125 0.5421875 0.021875 0.040625
0 0.47265625 0.4890625 0.03515625 0.0484375
0 0.32109375 0.47265625 0.0375 0.03515625
0 0.26953125 0.58203125 0.03125 0.03125
0 0.1765625 0.5875 0.040625 0.03125
0 0.2484375 0.69609375 0.0390625 0.0375
0 0.171875 0.7328125 0.03125 0.02734375
0 0.1734375 0.8 0.02734375 0.0453125
0 0.1609375 0.8734375 0.0453125 0.03125
0 0.2171875 0.9 0.0234375 0.03125
0 0.24140625 0.9390625 0.025 0.0234375
0 0.2171875 0.97265625 0.03125 0.02734375
0 0.31640625 0.9671875 0.02734375 0.03125
0 0.30546875 0.8140625 0.040625 0.03125
0 0.296875 0.6703125 0.03125 0.03515625
0 0.3390625 0.6546875 0.0171875 0.0234375
0 0.484375 0.703125 0.03125 0.03125
0 0.65625 0.75 0.02734375 0.03515625
0 0.6578125 0.8421875 0.03125 0.03125
0 0.62890625 0.90234375 0.02734375 0.02734375
0 0.4359375 0.8375 0.0390625 0.03125
0 0.4375 0.8953125 0.02734375 0.021875
0 0.3734375 0.92890625 0.03125 0.0375
0 0.41328125 0.97734375 0.021875 0.025
0 0.46171875 0.984375 0.021875 0.03125
0 0.2796875 0.9625 0.0234375 0.0234375