0 0.7765625 0.31640625 0.009375 0.03515625
0 0.715625 0.3578125 0.0140625 0.02734375
0 0.8453125 0.30390625 0.03125 0.0453125
0 0.8703125 0.34765625 0.0171875 0.02734375
0 0.82109375 0.39765625 0.025 0.0375
0 0.88359375 0.41796875 0.025 0.03125
0 0.8953125 0.4671875 0.0140625 0.0234375
0 0.925 0.546875 0.0171875 0.03125
0 0.9015625 0.57421875 0.0171875 0.03125
0 0.8640625 0.74609375 0.021875 0.02734375
0 0.809375 0.69375 0.0140625 0.03125
0 0.82109375 0.81875 0.025 0.03125
0 0.88203125 0.396875 0.021875 0.02734375