0 0.2234375 0.31640625 0.009375 0.03515625
0 0.284375 0.3578125 0.0140625 0.02734375
0 0.1546875 0.30390625 0.03125 0.0453125
0 0.1296875 0.34765625 0.0171875 0.02734375
0 0.17890625 0.39765625 0.025 0.0375
0 0.11640625 0.41796875 0.025 0.03125
0 0.1046875 0.4671875 0.0140625 0.0234375
0 0.075 0.546875 0.0171875 0.03125
0 0.0984375 0.57421875 0.0171875 0.03125
0 0.1359375 0.74609375 0.021875 0.02734375
0 0.190625 0.69375 0.0140625 0.03125
0 0.17890625 0.81875 0.025 0.03125
0 0.11796875 0.396875 0.021875 0.02734375