0 0.1390625 0.29375 0.02734375 0.0171875
0 0.31953125 0.4234375 0.021875 0.02734375
0 0.5140625 0.56875 0.02734375 0.03125
0 0.2609375 0.5609375 0.040625 0.0390625
0 0.1046875 0.6671875 0.021875 0.040625
0 0.3796875 0.64765625 0.009375 0.025
0 0.4625 0.7171875 0.03125 0.0234375
0 0.46171875 0.75703125 0.021875 0.021875
0 0.57109375 0.765625 0.0171875 0.03125
0 0.25859375 0.8109375 0.025 0.03125
0 0.2625 0.88359375 0.0171875 0.025
0 0.1578125 0.8921875 0.0234375 0.03515625
0 0.109375 0.9 0.0234375 0.03125
0 0.1140625 0.96875 0.021875 0.03515625