0 0.0921875 0.85234375 0.03125 0.025
0 0.1421875 0.8234375 0.02734375 0.021875
0 0.2484375 0.7984375 0.03125 0.02734375
0 0.2453125 0.68125 0.0453125 0.03125
0 0.0640625 0.7171875 0.0390625 0.0234375
0 0.08515625 0.6265625 0.0375 0.0234375
0 0.02734375 0.61328125 0.03515625 0.03125
0 0.13359375 0.6109375 0.025 0.02734375
0 0.32109375 0.6546875 0.025 0.0234375
0 0.2828125 0.5953125 0.03125 0.03125
0 0.05859375 0.53125 0.03515625 0.0546875
0 0.02734375 0.4828125 0.02734375 0.03515625
0 0.0421875 0.38125 0.021875 0.03125
0 0.15625 0.43046875 0.03515625 0.040625
0 0.54296875 0.5625 0.03125 0.04296875
0 0.58515625 0.36640625 0.025 0.053125
0 0.4578125 0.21015625 0.021875 0.0375
0 0.5359375 0.19609375 0.021875 0.025
0 0.50625 0.19921875 0.0234375 0.01953125
0 0.5046875 0.1703125 0.0171875 0.0234375
0 0.54765625 0.16796875 0.025 0.01953125
0 0.5390625 0.14140625 0.01953125 0.0171875
0 0.51484375 0.13984375 0.0171875 0.025
0 0.4921875 0.1078125 0.02734375 0.01953125
0 0.5265625 0.11015625 0.025 0.021875