0 0.9078125 0.14765625 0.03125 0.025
0 0.8578125 0.1765625 0.02734375 0.021875
0 0.7515625 0.2015625 0.03125 0.02734375
0 0.7546875 0.31875 0.0453125 0.03125
0 0.9359375 0.2828125 0.0390625 0.0234375
0 0.91484375 0.3734375 0.0375 0.0234375
0 0.97265625 0.38671875 0.03515625 0.03125
0 0.86640625 0.3890625 0.025 0.02734375
0 0.67890625 0.3453125 0.025 0.0234375
0 0.7171875 0.4046875 0.03125 0.03125
0 0.94140625 0.46875 0.03515625 0.0546875
0 0.97265625 0.5171875 0.02734375 0.03515625
0 0.9578125 0.61875 0.021875 0.03125
0 0.84375 0.56953125 0.03515625 0.040625
0 0.45703125 0.4375 0.03125 0.04296875
0 0.41484375 0.63359375 0.025 0.053125
0 0.5421875 0.78984375 0.021875 0.0375
0 0.4640625 0.80390625 0.021875 0.025
0 0.49375 0.80078125 0.0234375 0.01953125
0 0.4953125 0.8296875 0.0171875 0.0234375
0 0.45234375 0.83203125 0.025 0.01953125
0 0.4609375 0.85859375 0.01953125 0.0171875
0 0.48515625 0.86015625 0.0171875 0.025
0 0.5078125 0.8921875 0.02734375 0.01953125
0 0.4734375 0.88984375 0.025 0.021875