0 0.9078125 0.85234375 0.03125 0.025
0 0.8578125 0.8234375 0.02734375 0.021875
0 0.7515625 0.7984375 0.03125 0.02734375
0 0.7546875 0.68125 0.0453125 0.03125
0 0.9359375 0.7171875 0.0390625 0.0234375
0 0.91484375 0.6265625 0.0375 0.0234375
0 0.97265625 0.61328125 0.03515625 0.03125
0 0.86640625 0.6109375 0.025 0.02734375
0 0.67890625 0.6546875 0.025 0.0234375
0 0.7171875 0.5953125 0.03125 0.03125
0 0.94140625 0.53125 0.03515625 0.0546875
0 0.97265625 0.4828125 0.02734375 0.03515625
0 0.9578125 0.38125 0.021875 0.03125
0 0.84375 0.43046875 0.03515625 0.040625
0 0.45703125 0.5625 0.03125 0.04296875
0 0.41484375 0.36640625 0.025 0.053125
0 0.5421875 0.21015625 0.021875 0.0375
0 0.4640625 0.19609375 0.021875 0.025
0 0.49375 0.19921875 0.0234375 0.01953125
0 0.4953125 0.1703125 0.0171875 0.0234375
0 0.45234375 0.16796875 0.025 0.01953125
0 0.4609375 0.14140625 0.01953125 0.0171875
0 0.48515625 0.13984375 0.0171875 0.025
0 0.5078125 0.1078125 0.02734375 0.01953125
0 0.4734375 0.11015625 0.025 0.021875