0 0.296875 0.49140625 0.01171875 0.025
0 0.38359375 0.66796875 0.0171875 0.03125
0 0.4328125 0.71484375 0.0171875 0.02734375
0 0.46171875 0.77265625 0.021875 0.0375
0 0.4359375 0.83203125 0.0234375 0.03125
0 0.4796875 0.8578125 0.021875 0.03515625
0 0.4734375 0.89921875 0.0171875 0.021875
0 0.5109375 0.9203125 0.021875 0.02734375
0 0.534375 0.93359375 0.0140625 0.02734375
0 0.55546875 0.93046875 0.0140625 0.021875
0 0.58515625 0.953125 0.0171875 0.0234375
0 0.58125 0.9890625 0.0171875 0.0140625
0 0.5484375 0.99140625 0.0078125 0.009375
0 0.53125 0.984375 0.01953125 0.0234375
0 0.5046875 0.9671875 0.0171875 0.0234375
0 0.48125 0.953125 0.0171875 0.0234375
0 0.46875 0.93359375 0.01953125 0.02734375
0 0.45625 0.9703125 0.0171875 0.0234375
0 0.4265625 0.9375 0.0140625 0.01953125
0 0.4421875 0.9234375 0.0171875 0.02734375
0 0.40625 0.8265625 0.01953125 0.02734375
0 0.41875 0.7671875 0.0171875 0.02734375
0 0.3796875 0.7515625 0.0171875 0.0234375
0 0.371875 0.796875 0.0140625 0.0234375
0 0.35234375 0.86640625 0.009375 0.0375
0 0.359375 0.90625 0.01171875 0.02734375
0 0.3703125 0.9484375 0.009375 0.021875
0 0.390625 0.9828125 0.0234375 0.02734375
0 0.39921875 0.94609375 0.0140625 0.025
0 0.3328125 0.984375 0.021875 0.01171875
0 0.3078125 0.9671875 0.0171875 0.0234375
0 0.27421875 0.96875 0.021875 0.02734375
0 0.24296875 0.9375 0.0140625 0.01953125
0 0.24609375 0.9078125 0.02734375 0.0234375
0 0.278125 0.890625 0.0140625 0.0234375
0 0.31953125 0.91015625 0.021875 0.03515625
0 0.3171875 0.8109375 0.0171875 0.0234375
0 0.2609375 0.77734375 0.0140625 0.02734375
0 0.25 0.74140625 0.01953125 0.025
0 0.2171875 0.7171875 0.0234375 0.03125
0 0.1859375 0.9828125 0.0234375 0.02734375
0 0.234375 0.8734375 0.01171875 0.0234375
0 0.2609375 0.85546875 0.021875 0.03125
0 0.10625 0.96015625 0.0171875 0.025
0 0.1671875 0.87109375 0.0140625 0.02734375
0 0.13203125 0.8125 0.021875 0.03515625
0 0.1359375 0.75390625 0.021875 0.02734375
0 0.2171875 0.640625 0.0234375 0.0234375