0 0.296875 0.50859375 0.01171875 0.025
0 0.38359375 0.33203125 0.0171875 0.03125
0 0.4328125 0.28515625 0.0171875 0.02734375
0 0.46171875 0.22734375 0.021875 0.0375
0 0.4359375 0.16796875 0.0234375 0.03125
0 0.4796875 0.1421875 0.021875 0.03515625
0 0.4734375 0.10078125 0.0171875 0.021875
0 0.5109375 0.0796875 0.021875 0.02734375
0 0.534375 0.06640625 0.0140625 0.02734375
0 0.55546875 0.06953125 0.0140625 0.021875
0 0.58515625 0.046875 0.0171875 0.0234375
0 0.58125 0.0109375 0.0171875 0.0140625
0 0.5484375 0.00859375 0.0078125 0.009375
0 0.53125 0.015625 0.01953125 0.0234375
0 0.5046875 0.0328125 0.0171875 0.0234375
0 0.48125 0.046875 0.0171875 0.0234375
0 0.46875 0.06640625 0.01953125 0.02734375
0 0.45625 0.0296875 0.0171875 0.0234375
0 0.4265625 0.0625 0.0140625 0.01953125
0 0.4421875 0.0765625 0.0171875 0.02734375
0 0.40625 0.1734375 0.01953125 0.02734375
0 0.41875 0.2328125 0.0171875 0.02734375
0 0.3796875 0.2484375 0.0171875 0.0234375
0 0.371875 0.203125 0.0140625 0.0234375
0 0.35234375 0.13359375 0.009375 0.0375
0 0.359375 0.09375 0.01171875 0.02734375
0 0.3703125 0.0515625 0.009375 0.021875
0 0.390625 0.0171875 0.0234375 0.02734375
0 0.39921875 0.05390625 0.0140625 0.025
0 0.3328125 0.015625 0.021875 0.01171875
0 0.3078125 0.0328125 0.0171875 0.0234375
0 0.27421875 0.03125 0.021875 0.02734375
0 0.24296875 0.0625 0.0140625 0.01953125
0 0.24609375 0.0921875 0.02734375 0.0234375
0 0.278125 0.109375 0.0140625 0.0234375
0 0.31953125 0.08984375 0.021875 0.03515625
0 0.3171875 0.1890625 0.0171875 0.0234375
0 0.2609375 0.22265625 0.0140625 0.02734375
0 0.25 0.25859375 0.01953125 0.025
0 0.2171875 0.2828125 0.0234375 0.03125
0 0.1859375 0.0171875 0.0234375 0.02734375
0 0.234375 0.1265625 0.01171875 0.0234375
0 0.2609375 0.14453125 0.021875 0.03125
0 0.10625 0.03984375 0.0171875 0.025
0 0.1671875 0.12890625 0.0140625 0.02734375
0 0.13203125 0.1875 0.021875 0.03515625
0 0.1359375 0.24609375 0.021875 0.02734375
0 0.2171875 0.359375 0.0234375 0.0234375