0 0.14453125 0.93125 0.03125 0.03125
0 0.11640625 0.8953125 0.0171875 0.021875
0 0.05390625 0.8921875 0.025 0.02734375
0 0.075 0.85 0.0171875 0.03125
0 0.075 0.7515625 0.0171875 0.03125
0 0.175 0.78125 0.0171875 0.02734375
0 0.1875 0.7046875 0.02734375 0.03515625
0 0.234375 0.63203125 0.03125 0.0484375
0 0.13359375 0.6390625 0.025 0.03515625
0 0.0953125 0.60234375 0.03125 0.0375
0 0.1765625 0.3578125 0.021875 0.03515625
0 0.28515625 0.3234375 0.03515625 0.040625
0 0.16484375 0.16015625 0.0171875 0.03515625
0 0.13125 0.09765625 0.03125 0.03515625