0 0.14453125 0.06875 0.03125 0.03125
0 0.11640625 0.1046875 0.0171875 0.021875
0 0.05390625 0.1078125 0.025 0.02734375
0 0.075 0.15 0.0171875 0.03125
0 0.075 0.2484375 0.0171875 0.03125
0 0.175 0.21875 0.0171875 0.02734375
0 0.1875 0.2953125 0.02734375 0.03515625
0 0.234375 0.36796875 0.03125 0.0484375
0 0.13359375 0.3609375 0.025 0.03515625
0 0.0953125 0.39765625 0.03125 0.0375
0 0.1765625 0.6421875 0.021875 0.03515625
0 0.28515625 0.6765625 0.03515625 0.040625
0 0.16484375 0.83984375 0.0171875 0.03515625
0 0.13125 0.90234375 0.03125 0.03515625