0 0.4875 0.89921875 0.0296875 0.021875
0 0.36875 0.97265625 0.015625 0.015625
0 0.2578125 0.90546875 0.015625 0.0171875
0 0.0734375 0.7796875 0.021875 0.03125
0 0.10625 0.7515625 0.0171875 0.0234375
0 0.18046875 0.7609375 0.021875 0.021875
0 0.15625 0.7046875 0.03515625 0.02734375
0 0.1 0.6671875 0.03125 0.0140625
0 0.19140625 0.62890625 0.02734375 0.02734375
0 0.11640625 0.5765625 0.025 0.03515625
0 0.06640625 0.4828125 0.02734375 0.02734375
0 0.10234375 0.44453125 0.025 0.021875
0 0.1578125 0.41875 0.03125 0.0171875
0 0.203125 0.4484375 0.03125 0.021875
0 0.1734375 0.56953125 0.02734375 0.021875
0 0.23515625 0.32421875 0.040625 0.03125
0 0.3171875 0.49296875 0.0375 0.0328125
0 0.25703125 0.60078125 0.021875 0.021875
0 0.278125 0.74140625 0.021875 0.025
0 0.3765625 0.796875 0.0390625 0.03125
0 0.34453125 0.665625 0.0296875 0.02734375
0 0.44140625 0.73828125 0.02734375 0.03125
0 0.496875 0.81328125 0.021875 0.0296875
0 0.6046875 0.79375 0.021875 0.021875
0 0.671875 0.7515625 0.0234375 0.0234375
0 0.590625 0.61796875 0.025 0.025
0 0.46796875 0.66015625 0.025 0.02734375
0 0.421875 0.4546875 0.03125 0.02734375
0 0.5453125 0.41796875 0.03515625 0.03125
0 0.0046875 0.428125 0.009375 0.01953125