0 0.5125 0.10078125 0.0296875 0.021875
0 0.63125 0.02734375 0.015625 0.015625
0 0.7421875 0.09453125 0.015625 0.0171875
0 0.9265625 0.2203125 0.021875 0.03125
0 0.89375 0.2484375 0.0171875 0.0234375
0 0.81953125 0.2390625 0.021875 0.021875
0 0.84375 0.2953125 0.03515625 0.02734375
0 0.9 0.3328125 0.03125 0.0140625
0 0.80859375 0.37109375 0.02734375 0.02734375
0 0.88359375 0.4234375 0.025 0.03515625
0 0.93359375 0.5171875 0.02734375 0.02734375
0 0.89765625 0.55546875 0.025 0.021875
0 0.8421875 0.58125 0.03125 0.0171875
0 0.796875 0.5515625 0.03125 0.021875
0 0.8265625 0.43046875 0.02734375 0.021875
0 0.76484375 0.67578125 0.040625 0.03125
0 0.6828125 0.50703125 0.0375 0.0328125
0 0.74296875 0.39921875 0.021875 0.021875
0 0.721875 0.25859375 0.021875 0.025
0 0.6234375 0.203125 0.0390625 0.03125
0 0.65546875 0.334375 0.0296875 0.02734375
0 0.55859375 0.26171875 0.02734375 0.03125
0 0.503125 0.18671875 0.021875 0.0296875
0 0.3953125 0.20625 0.021875 0.021875
0 0.328125 0.2484375 0.0234375 0.0234375
0 0.409375 0.38203125 0.025 0.025
0 0.53203125 0.33984375 0.025 0.02734375
0 0.578125 0.5453125 0.03125 0.02734375
0 0.4546875 0.58203125 0.03515625 0.03125
0 0.9953125 0.571875 0.009375 0.01953125