0 0.5125 0.89921875 0.0296875 0.021875
0 0.63125 0.97265625 0.015625 0.015625
0 0.7421875 0.90546875 0.015625 0.0171875
0 0.9265625 0.7796875 0.021875 0.03125
0 0.89375 0.7515625 0.0171875 0.0234375
0 0.81953125 0.7609375 0.021875 0.021875
0 0.84375 0.7046875 0.03515625 0.02734375
0 0.9 0.6671875 0.03125 0.0140625
0 0.80859375 0.62890625 0.02734375 0.02734375
0 0.88359375 0.5765625 0.025 0.03515625
0 0.93359375 0.4828125 0.02734375 0.02734375
0 0.89765625 0.44453125 0.025 0.021875
0 0.8421875 0.41875 0.03125 0.0171875
0 0.796875 0.4484375 0.03125 0.021875
0 0.8265625 0.56953125 0.02734375 0.021875
0 0.76484375 0.32421875 0.040625 0.03125
0 0.6828125 0.49296875 0.0375 0.0328125
0 0.74296875 0.60078125 0.021875 0.021875
0 0.721875 0.74140625 0.021875 0.025
0 0.6234375 0.796875 0.0390625 0.03125
0 0.65546875 0.665625 0.0296875 0.02734375
0 0.55859375 0.73828125 0.02734375 0.03125
0 0.503125 0.81328125 0.021875 0.0296875
0 0.3953125 0.79375 0.021875 0.021875
0 0.328125 0.7515625 0.0234375 0.0234375
0 0.409375 0.61796875 0.025 0.025
0 0.53203125 0.66015625 0.025 0.02734375
0 0.578125 0.4546875 0.03125 0.02734375
0 0.4546875 0.41796875 0.03515625 0.03125
0 0.9953125 0.428125 0.009375 0.01953125