0 0.25390625 0.0484375 0.02734375 0.03515625
0 0.390625 0.2015625 0.03125 0.03515625
0 0.33984375 0.265625 0.03515625 0.03125
0 0.22578125 0.221875 0.040625 0.0484375
0 0.1109375 0.171875 0.03515625 0.03125
0 0.10546875 0.28515625 0.03125 0.02734375
0 0.1890625 0.30859375 0.0234375 0.02734375
0 0.3328125 0.32421875 0.021875 0.03125
0 0.4015625 0.3890625 0.0171875 0.02734375
0 0.296875 0.3640625 0.0234375 0.021875
0 0.35 0.4671875 0.03125 0.0390625
0 0.4125 0.63125 0.03125 0.03125
0 0.25859375 0.72734375 0.0375 0.0375
0 0.33203125 0.80390625 0.03125 0.025
0 0.25390625 0.9046875 0.03515625 0.03125
0 0.1421875 0.82109375 0.03515625 0.0171875
0 0.0484375 0.80390625 0.03515625 0.0171875
0 0.1828125 0.55859375 0.0453125 0.03515625
0 0.2625 0.5046875 0.0453125 0.053125
0 0.1546875 0.4203125 0.03125 0.03515625
0 0.10546875 0.484375 0.03125 0.03125