0 0.74609375 0.0484375 0.02734375 0.03515625
0 0.609375 0.2015625 0.03125 0.03515625
0 0.66015625 0.265625 0.03515625 0.03125
0 0.77421875 0.221875 0.040625 0.0484375
0 0.8890625 0.171875 0.03515625 0.03125
0 0.89453125 0.28515625 0.03125 0.02734375
0 0.8109375 0.30859375 0.0234375 0.02734375
0 0.6671875 0.32421875 0.021875 0.03125
0 0.5984375 0.3890625 0.0171875 0.02734375
0 0.703125 0.3640625 0.0234375 0.021875
0 0.65 0.4671875 0.03125 0.0390625
0 0.5875 0.63125 0.03125 0.03125
0 0.74140625 0.72734375 0.0375 0.0375
0 0.66796875 0.80390625 0.03125 0.025
0 0.74609375 0.9046875 0.03515625 0.03125
0 0.8578125 0.82109375 0.03515625 0.0171875
0 0.9515625 0.80390625 0.03515625 0.0171875
0 0.8171875 0.55859375 0.0453125 0.03515625
0 0.7375 0.5046875 0.0453125 0.053125
0 0.8453125 0.4203125 0.03125 0.03515625
0 0.89453125 0.484375 0.03125 0.03125