0 0.64765625 0.2171875 0.0375 0.03125
0 0.3484375 0.06640625 0.0453125 0.03515625
0 0.1421875 0.171875 0.03515625 0.0234375
0 0.1109375 0.33515625 0.03515625 0.025
0 0.08671875 0.49140625 0.040625 0.025
0 0.22734375 0.28125 0.0453125 0.03515625
0 0.3609375 0.3234375 0.03515625 0.021875
0 0.325 0.609375 0.0453125 0.03125
0 0.43046875 0.5828125 0.040625 0.040625
0 0.5203125 0.31875 0.040625 0.03125
0 0.609375 0.49140625 0.05859375 0.0375
0 0.47734375 0.6859375 0.0375 0.0234375
0 0.69453125 0.69140625 0.0484375 0.03515625
0 0.9265625 0.6875 0.040625 0.02734375
0 0.93359375 0.85 0.03515625 0.03125