0 0.64765625 0.7828125 0.0375 0.03125
0 0.3484375 0.93359375 0.0453125 0.03515625
0 0.1421875 0.828125 0.03515625 0.0234375
0 0.1109375 0.66484375 0.03515625 0.025
0 0.08671875 0.50859375 0.040625 0.025
0 0.22734375 0.71875 0.0453125 0.03515625
0 0.3609375 0.6765625 0.03515625 0.021875
0 0.325 0.390625 0.0453125 0.03125
0 0.43046875 0.4171875 0.040625 0.040625
0 0.5203125 0.68125 0.040625 0.03125
0 0.609375 0.50859375 0.05859375 0.0375
0 0.47734375 0.3140625 0.0375 0.0234375
0 0.69453125 0.30859375 0.0484375 0.03515625
0 0.9265625 0.3125 0.040625 0.02734375
0 0.93359375 0.15 0.03515625 0.03125