0 0.35234375 0.2171875 0.0375 0.03125
0 0.6515625 0.06640625 0.0453125 0.03515625
0 0.8578125 0.171875 0.03515625 0.0234375
0 0.8890625 0.33515625 0.03515625 0.025
0 0.91328125 0.49140625 0.040625 0.025
0 0.77265625 0.28125 0.0453125 0.03515625
0 0.6390625 0.3234375 0.03515625 0.021875
0 0.675 0.609375 0.0453125 0.03125
0 0.56953125 0.5828125 0.040625 0.040625
0 0.4796875 0.31875 0.040625 0.03125
0 0.390625 0.49140625 0.05859375 0.0375
0 0.52265625 0.6859375 0.0375 0.0234375
0 0.30546875 0.69140625 0.0484375 0.03515625
0 0.0734375 0.6875 0.040625 0.02734375
0 0.06640625 0.85 0.03515625 0.03125