0 0.80546875 0.11796875 0.021875 0.0484375
0 0.71015625 0.14375 0.0171875 0.0171875
0 0.575 0.0125 0.0171875 0.0171875
0 0.3890625 0.0640625 0.0078125 0.03125
0 0.2359375 0.0453125 0.02734375 0.02734375
0 0.1765625 0.1140625 0.0140625 0.021875
0 0.0984375 0.1875 0.0171875 0.03515625
0 0.0734375 0.190625 0.0140625 0.0484375
0 0.5828125 0.175 0.0140625 0.0171875
0 0.48125 0.10078125 0.0171875 0.021875
0 0.4640625 0.1671875 0.0171875 0.021875
0 0.4265625 0.1578125 0.0140625 0.0234375
0 0.50859375 0.2203125 0.0171875 0.0234375
0 0.340625 0.2171875 0.0140625 0.0234375
0 0.46171875 0.3109375 0.0140625 0.0234375
0 0.5421875 0.2828125 0.0140625 0.0234375
0 0.77265625 0.40625 0.0171875 0.01953125
0 0.753125 0.4421875 0.0140625 0.0171875
0 0.57109375 0.4109375 0.0171875 0.0453125
0 0.6890625 0.5109375 0.0234375 0.021875
0 0.58515625 0.5140625 0.0171875 0.02734375
0 0.5421875 0.46171875 0.021875 0.0140625
0 0.47578125 0.4171875 0.0140625 0.021875
0 0.434375 0.38359375 0.0140625 0.0171875
0 0.346875 0.3640625 0.0140625 0.021875
0 0.328125 0.4375 0.01171875 0.01953125
0 0.434375 0.42890625 0.0140625 0.0171875
0 0.46015625 0.471875 0.0171875 0.0140625
0 0.534375 0.53984375 0.0140625 0.0375
0 0.3859375 0.49375 0.0140625 0.03125
0 0.3 0.50859375 0.0171875 0.0375
0 0.2484375 0.5453125 0.03125 0.02734375
0 0.2171875 0.609375 0.03125 0.05859375
0 0.284375 0.625 0.0140625 0.01953125
0 0.35625 0.58671875 0.0171875 0.021875
0 0.3859375 0.5640625 0.021875 0.0234375
0 0.46171875 0.55859375 0.0140625 0.02734375
0 0.57109375 0.57109375 0.0171875 0.0171875
0 0.6375 0.578125 0.0171875 0.0234375
0 0.56953125 0.64921875 0.0140625 0.021875
0 0.5015625 0.66328125 0.0234375 0.021875
0 0.46015625 0.6109375 0.0171875 0.02734375
0 0.4171875 0.6296875 0.0140625 0.0171875
0 0.35078125 0.66484375 0.021875 0.0375
0 0.26875 0.7953125 0.0171875 0.02734375
0 0.3015625 0.85234375 0.0140625 0.0171875
0 0.3234375 0.7921875 0.021875 0.021875
0 0.375 0.83203125 0.01953125 0.03125
0 0.425 0.7703125 0.0171875 0.021875
0 0.434375 0.71171875 0.0140625 0.021875
0 0.528125 0.74140625 0.0140625 0.0171875
0 0.40625 0.2984375 0.01953125 0.02734375
0 0.2796875 0.7328125 0.03125 0.03515625
0 0.4796875 0.72578125 0.0140625 0.021875
0 0.3140625 0.5515625 0.0234375 0.0140625
0 0.3953125 0.69609375 0.021875 0.025
0 0.3765625 0.75703125 0.0234375 0.021875
0 0.75 0.16328125 0.01953125 0.021875
0 0.33125 0.0328125 0.0171875 0.0234375