0 0.3171875 0.39765625 0.0171875 0.0171875
0 0.340625 0.4640625 0.0171875 0.0140625
0 0.440625 0.47734375 0.0140625 0.025
0 0.33515625 0.528125 0.0171875 0.0140625
0 0.36796875 0.56875 0.0171875 0.015625
0 0.4375 0.67265625 0.015625 0.021875
0 0.3234375 0.67890625 0.0140625 0.025
0 0.30390625 0.5734375 0.0171875 0.021875
0 0.2296875 0.58671875 0.0140625 0.0140625
0 0.16484375 0.6671875 0.0171875 0.021875
0 0.17265625 0.56875 0.0140625 0.01171875
0 0.159375 0.5609375 0.0140625 0.0234375
0 0.16328125 0.50859375 0.021875 0.0171875
0 0.190625 0.4875 0.0140625 0.0171875
0 0.190625 0.46171875 0.0140625 0.0140625
0 0.2796875 0.4375 0.01953125 0.01171875