0 0.6828125 0.60234375 0.0171875 0.0171875
0 0.659375 0.5359375 0.0171875 0.0140625
0 0.559375 0.52265625 0.0140625 0.025
0 0.66484375 0.471875 0.0171875 0.0140625
0 0.63203125 0.43125 0.0171875 0.015625
0 0.5625 0.32734375 0.015625 0.021875
0 0.6765625 0.32109375 0.0140625 0.025
0 0.69609375 0.4265625 0.0171875 0.021875
0 0.7703125 0.41328125 0.0140625 0.0140625
0 0.83515625 0.3328125 0.0171875 0.021875
0 0.82734375 0.43125 0.0140625 0.01171875
0 0.840625 0.4390625 0.0140625 0.0234375
0 0.83671875 0.49140625 0.021875 0.0171875
0 0.809375 0.5125 0.0140625 0.0171875
0 0.809375 0.53828125 0.0140625 0.0140625
0 0.7203125 0.5625 0.01953125 0.01171875