0 0.3546875 0.84375 0.040625 0.04296875
0 0.32109375 0.7484375 0.0453125 0.0390625
0 0.41328125 0.7390625 0.040625 0.0484375
0 0.38203125 0.6546875 0.05625 0.0234375
0 0.46171875 0.66328125 0.040625 0.0484375
0 0.4546875 0.625 0.02734375 0.01953125
0 0.5171875 0.6390625 0.03515625 0.03515625
0 0.67890625 0.55390625 0.0375 0.025
0 0.3140625 0.62109375 0.0390625 0.02734375
0 0.234375 0.69609375 0.05078125 0.0453125
0 0.2453125 0.86328125 0.0453125 0.05859375
0 0.88359375 0.33515625 0.0171875 0.0171875
0 0.69453125 0.36640625 0.0140625 0.0171875
0 0.7171875 0.44609375 0.0234375 0.0171875
0 0.6046875 0.41875 0.021875 0.0171875
0 0.3875 0.515625 0.0171875 0.01171875
0 0.42890625 0.5 0.0171875 0.01953125