0 0.80546875 0.88203125 0.021875 0.0484375
0 0.71015625 0.85625 0.0171875 0.0171875
0 0.575 0.9875 0.0171875 0.0171875
0 0.3890625 0.9359375 0.0078125 0.03125
0 0.2359375 0.9546875 0.02734375 0.02734375
0 0.1765625 0.8859375 0.0140625 0.021875
0 0.0984375 0.8125 0.0171875 0.03515625
0 0.0734375 0.809375 0.0140625 0.0484375
0 0.5828125 0.825 0.0140625 0.0171875
0 0.48125 0.89921875 0.0171875 0.021875
0 0.4640625 0.8328125 0.0171875 0.021875
0 0.4265625 0.8421875 0.0140625 0.0234375
0 0.50859375 0.7796875 0.0171875 0.0234375
0 0.340625 0.7828125 0.0140625 0.0234375
0 0.46171875 0.6890625 0.0140625 0.0234375
0 0.5421875 0.7171875 0.0140625 0.0234375
0 0.77265625 0.59375 0.0171875 0.01953125
0 0.753125 0.5578125 0.0140625 0.0171875
0 0.57109375 0.5890625 0.0171875 0.0453125
0 0.6890625 0.4890625 0.0234375 0.021875
0 0.58515625 0.4859375 0.0171875 0.02734375
0 0.5421875 0.53828125 0.021875 0.0140625
0 0.47578125 0.5828125 0.0140625 0.021875
0 0.434375 0.61640625 0.0140625 0.0171875
0 0.346875 0.6359375 0.0140625 0.021875
0 0.328125 0.5625 0.01171875 0.01953125
0 0.434375 0.57109375 0.0140625 0.0171875
0 0.46015625 0.528125 0.0171875 0.0140625
0 0.534375 0.46015625 0.0140625 0.0375
0 0.3859375 0.50625 0.0140625 0.03125
0 0.3 0.49140625 0.0171875 0.0375
0 0.2484375 0.4546875 0.03125 0.02734375
0 0.2171875 0.390625 0.03125 0.05859375
0 0.284375 0.375 0.0140625 0.01953125
0 0.35625 0.41328125 0.0171875 0.021875
0 0.3859375 0.4359375 0.021875 0.0234375
0 0.46171875 0.44140625 0.0140625 0.02734375
0 0.57109375 0.42890625 0.0171875 0.0171875
0 0.6375 0.421875 0.0171875 0.0234375
0 0.56953125 0.35078125 0.0140625 0.021875
0 0.5015625 0.33671875 0.0234375 0.021875
0 0.46015625 0.3890625 0.0171875 0.02734375
0 0.4171875 0.3703125 0.0140625 0.0171875
0 0.35078125 0.33515625 0.021875 0.0375
0 0.26875 0.2046875 0.0171875 0.02734375
0 0.3015625 0.14765625 0.0140625 0.0171875
0 0.3234375 0.2078125 0.021875 0.021875
0 0.375 0.16796875 0.01953125 0.03125
0 0.425 0.2296875 0.0171875 0.021875
0 0.434375 0.28828125 0.0140625 0.021875
0 0.528125 0.25859375 0.0140625 0.0171875
0 0.40625 0.7015625 0.01953125 0.02734375
0 0.2796875 0.2671875 0.03125 0.03515625
0 0.4796875 0.27421875 0.0140625 0.021875
0 0.3140625 0.4484375 0.0234375 0.0140625
0 0.3953125 0.30390625 0.021875 0.025
0 0.3765625 0.24296875 0.0234375 0.021875
0 0.75 0.83671875 0.01953125 0.021875
0 0.33125 0.9671875 0.0171875 0.0234375