0 0.1296875 0.1390625 0.0171875 0.02734375
0 0.0515625 0.253125 0.0140625 0.0140625
0 0.128125 0.2296875 0.0140625 0.0140625
0 0.140625 0.21015625 0.01171875 0.0171875
0 0.153125 0.17890625 0.0140625 0.0171875
0 0.1921875 0.171875 0.0171875 0.01171875
0 0.24296875 0.15625 0.0140625 0.01953125
0 0.265625 0.13359375 0.01171875 0.0171875
0 0.2609375 0.0984375 0.0140625 0.009375
0 0.2765625 0.0796875 0.0171875 0.0078125
0 0.30390625 0.10234375 0.0171875 0.0171875
0 0.3328125 0.10078125 0.0140625 0.0140625
0 0.3265625 0.128125 0.0078125 0.0140625
0 0.27265625 0.11640625 0.009375 0.009375
0 0.35234375 0.128125 0.009375 0.0140625
0 0.378125 0.14765625 0.0140625 0.0171875
0 0.346875 0.14921875 0.0140625 0.0140625
0 0.3640625 0.1703125 0.0140625 0.0078125
0 0.3859375 0.19609375 0.0140625 0.0171875
0 0.40625 0.21171875 0.0078125 0.0140625
0 0.43046875 0.2234375 0.0140625 0.0171875
0 0.390625 0.27421875 0.01171875 0.0140625
0 0.3859375 0.2390625 0.0140625 0.0140625
0 0.3546875 0.21015625 0.0140625 0.0171875
0 0.3328125 0.1765625 0.0140625 0.0140625
0 0.2921875 0.1671875 0.0140625 0.0140625
0 0.265625 0.1828125 0.01171875 0.0171875
0 0.3125 0.2015625 0.01953125 0.0078125
0 0.30546875 0.22578125 0.0140625 0.0140625
0 0.346875 0.23125 0.0140625 0.0171875
0 0.33515625 0.25 0.0171875 0.01953125
0 0.371875 0.2609375 0.0140625 0.0140625
0 0.3625 0.2859375 0.0171875 0.0171875
0 0.33671875 0.3171875 0.0140625 0.0171875
0 0.30390625 0.28125 0.0171875 0.01953125
0 0.28125 0.2609375 0.01953125 0.0140625
0 0.246875 0.221875 0.0140625 0.0140625
0 0.21875 0.19609375 0.01953125 0.0171875
0 0.1609375 0.246875 0.0171875 0.0140625
0 0.21875 0.25859375 0.01953125 0.0171875
0 0.25 0.28828125 0.01953125 0.021875
0 0.28125 0.3125 0.01953125 0.01953125
0 0.3265625 0.35078125 0.0078125 0.0140625
0 0.3015625 0.4 0.021875 0.03125
0 0.2546875 0.36640625 0.0171875 0.0171875
0 0.27421875 0.421875 0.0140625 0.01171875
0 0.221875 0.3265625 0.0140625 0.0078125
0 0.184375 0.28828125 0.0140625 0.0140625
0 0.1203125 0.265625 0.0171875 0.03125
0 0.109375 0.2921875 0.0234375 0.021875
0 0.08671875 0.3125 0.021875 0.02734375
0 0.1265625 0.36640625 0.0234375 0.025
0 0.1453125 0.33203125 0.021875 0.03125
0 0.1671875 0.30546875 0.0140625 0.0140625
0 0.19453125 0.33671875 0.0140625 0.0140625
0 0.2 0.378125 0.0171875 0.0140625
0 0.22578125 0.4078125 0.021875 0.0234375
0 0.2046875 0.47578125 0.03515625 0.040625
0 0.25859375 0.4578125 0.0171875 0.021875
0 0.253125 0.484375 0.0140625 0.0234375
0 0.40625 0.44453125 0.0078125 0.0140625
0 0.43046875 0.46875 0.0140625 0.01953125
0 0.453125 0.5046875 0.01171875 0.0171875
0 0.38203125 0.4875 0.0140625 0.0171875
0 0.359375 0.52265625 0.01171875 0.0171875
0 0.32109375 0.5109375 0.009375 0.0140625
0 0.38359375 0.5578125 0.0171875 0.0171875
0 0.4078125 0.52421875 0.0234375 0.0140625
0 0.44453125 0.559375 0.021875 0.0140625
0 0.47734375 0.5984375 0.009375 0.0171875
0 0.55390625 0.6546875 0.0171875 0.0234375
0 0.4421875 0.6359375 0.0171875 0.021875
0 0.41484375 0.5890625 0.0171875 0.0171875
0 0.3453125 0.5828125 0.0234375 0.021875
0 0.39765625 0.67578125 0.025 0.03125
0 0.33671875 0.68359375 0.021875 0.02734375
0 0.5203125 0.734375 0.0140625 0.0234375
0 0.496875 0.78125 0.0140625 0.01953125
0 0.46171875 0.82109375 0.0140625 0.0171875
0 0.42578125 0.91328125 0.03125 0.040625
0 0.3796875 0.35078125 0.009375 0.0140625
0 0.41484375 0.29375 0.0171875 0.0171875