0 0.19453125 0.11796875 0.021875 0.0484375
0 0.28984375 0.14375 0.0171875 0.0171875
0 0.425 0.0125 0.0171875 0.0171875
0 0.6109375 0.0640625 0.0078125 0.03125
0 0.7640625 0.0453125 0.02734375 0.02734375
0 0.8234375 0.1140625 0.0140625 0.021875
0 0.9015625 0.1875 0.0171875 0.03515625
0 0.9265625 0.190625 0.0140625 0.0484375
0 0.4171875 0.175 0.0140625 0.0171875
0 0.51875 0.10078125 0.0171875 0.021875
0 0.5359375 0.1671875 0.0171875 0.021875
0 0.5734375 0.1578125 0.0140625 0.0234375
0 0.49140625 0.2203125 0.0171875 0.0234375
0 0.659375 0.2171875 0.0140625 0.0234375
0 0.53828125 0.3109375 0.0140625 0.0234375
0 0.4578125 0.2828125 0.0140625 0.0234375
0 0.22734375 0.40625 0.0171875 0.01953125
0 0.246875 0.4421875 0.0140625 0.0171875
0 0.42890625 0.4109375 0.0171875 0.0453125
0 0.3109375 0.5109375 0.0234375 0.021875
0 0.41484375 0.5140625 0.0171875 0.02734375
0 0.4578125 0.46171875 0.021875 0.0140625
0 0.52421875 0.4171875 0.0140625 0.021875
0 0.565625 0.38359375 0.0140625 0.0171875
0 0.653125 0.3640625 0.0140625 0.021875
0 0.671875 0.4375 0.01171875 0.01953125
0 0.565625 0.42890625 0.0140625 0.0171875
0 0.53984375 0.471875 0.0171875 0.0140625
0 0.465625 0.53984375 0.0140625 0.0375
0 0.6140625 0.49375 0.0140625 0.03125
0 0.7 0.50859375 0.0171875 0.0375
0 0.7515625 0.5453125 0.03125 0.02734375
0 0.7828125 0.609375 0.03125 0.05859375
0 0.715625 0.625 0.0140625 0.01953125
0 0.64375 0.58671875 0.0171875 0.021875
0 0.6140625 0.5640625 0.021875 0.0234375
0 0.53828125 0.55859375 0.0140625 0.02734375
0 0.42890625 0.57109375 0.0171875 0.0171875
0 0.3625 0.578125 0.0171875 0.0234375
0 0.43046875 0.64921875 0.0140625 0.021875
0 0.4984375 0.66328125 0.0234375 0.021875
0 0.53984375 0.6109375 0.0171875 0.02734375
0 0.5828125 0.6296875 0.0140625 0.0171875
0 0.64921875 0.66484375 0.021875 0.0375
0 0.73125 0.7953125 0.0171875 0.02734375
0 0.6984375 0.85234375 0.0140625 0.0171875
0 0.6765625 0.7921875 0.021875 0.021875
0 0.625 0.83203125 0.01953125 0.03125
0 0.575 0.7703125 0.0171875 0.021875
0 0.565625 0.71171875 0.0140625 0.021875
0 0.471875 0.74140625 0.0140625 0.0171875
0 0.59375 0.2984375 0.01953125 0.02734375
0 0.7203125 0.7328125 0.03125 0.03515625
0 0.5203125 0.72578125 0.0140625 0.021875
0 0.6859375 0.5515625 0.0234375 0.0140625
0 0.6046875 0.69609375 0.021875 0.025
0 0.6234375 0.75703125 0.0234375 0.021875
0 0.25 0.16328125 0.01953125 0.021875
0 0.66875 0.0328125 0.0171875 0.0234375