0 0.1296875 0.8609375 0.0171875 0.02734375
0 0.0515625 0.746875 0.0140625 0.0140625
0 0.128125 0.7703125 0.0140625 0.0140625
0 0.140625 0.78984375 0.01171875 0.0171875
0 0.153125 0.82109375 0.0140625 0.0171875
0 0.1921875 0.828125 0.0171875 0.01171875
0 0.24296875 0.84375 0.0140625 0.01953125
0 0.265625 0.86640625 0.01171875 0.0171875
0 0.2609375 0.9015625 0.0140625 0.009375
0 0.2765625 0.9203125 0.0171875 0.0078125
0 0.30390625 0.89765625 0.0171875 0.0171875
0 0.3328125 0.89921875 0.0140625 0.0140625
0 0.3265625 0.871875 0.0078125 0.0140625
0 0.27265625 0.88359375 0.009375 0.009375
0 0.35234375 0.871875 0.009375 0.0140625
0 0.378125 0.85234375 0.0140625 0.0171875
0 0.346875 0.85078125 0.0140625 0.0140625
0 0.3640625 0.8296875 0.0140625 0.0078125
0 0.3859375 0.80390625 0.0140625 0.0171875
0 0.40625 0.78828125 0.0078125 0.0140625
0 0.43046875 0.7765625 0.0140625 0.0171875
0 0.390625 0.72578125 0.01171875 0.0140625
0 0.3859375 0.7609375 0.0140625 0.0140625
0 0.3546875 0.78984375 0.0140625 0.0171875
0 0.3328125 0.8234375 0.0140625 0.0140625
0 0.2921875 0.8328125 0.0140625 0.0140625
0 0.265625 0.8171875 0.01171875 0.0171875
0 0.3125 0.7984375 0.01953125 0.0078125
0 0.30546875 0.77421875 0.0140625 0.0140625
0 0.346875 0.76875 0.0140625 0.0171875
0 0.33515625 0.75 0.0171875 0.01953125
0 0.371875 0.7390625 0.0140625 0.0140625
0 0.3625 0.7140625 0.0171875 0.0171875
0 0.33671875 0.6828125 0.0140625 0.0171875
0 0.30390625 0.71875 0.0171875 0.01953125
0 0.28125 0.7390625 0.01953125 0.0140625
0 0.246875 0.778125 0.0140625 0.0140625
0 0.21875 0.80390625 0.01953125 0.0171875
0 0.1609375 0.753125 0.0171875 0.0140625
0 0.21875 0.74140625 0.01953125 0.0171875
0 0.25 0.71171875 0.01953125 0.021875
0 0.28125 0.6875 0.01953125 0.01953125
0 0.3265625 0.64921875 0.0078125 0.0140625
0 0.3015625 0.6 0.021875 0.03125
0 0.2546875 0.63359375 0.0171875 0.0171875
0 0.27421875 0.578125 0.0140625 0.01171875
0 0.221875 0.6734375 0.0140625 0.0078125
0 0.184375 0.71171875 0.0140625 0.0140625
0 0.1203125 0.734375 0.0171875 0.03125
0 0.109375 0.7078125 0.0234375 0.021875
0 0.08671875 0.6875 0.021875 0.02734375
0 0.1265625 0.63359375 0.0234375 0.025
0 0.1453125 0.66796875 0.021875 0.03125
0 0.1671875 0.69453125 0.0140625 0.0140625
0 0.19453125 0.66328125 0.0140625 0.0140625
0 0.2 0.621875 0.0171875 0.0140625
0 0.22578125 0.5921875 0.021875 0.0234375
0 0.2046875 0.52421875 0.03515625 0.040625
0 0.25859375 0.5421875 0.0171875 0.021875
0 0.253125 0.515625 0.0140625 0.0234375
0 0.40625 0.55546875 0.0078125 0.0140625
0 0.43046875 0.53125 0.0140625 0.01953125
0 0.453125 0.4953125 0.01171875 0.0171875
0 0.38203125 0.5125 0.0140625 0.0171875
0 0.359375 0.47734375 0.01171875 0.0171875
0 0.32109375 0.4890625 0.009375 0.0140625
0 0.38359375 0.4421875 0.0171875 0.0171875
0 0.4078125 0.47578125 0.0234375 0.0140625
0 0.44453125 0.440625 0.021875 0.0140625
0 0.47734375 0.4015625 0.009375 0.0171875
0 0.55390625 0.3453125 0.0171875 0.0234375
0 0.4421875 0.3640625 0.0171875 0.021875
0 0.41484375 0.4109375 0.0171875 0.0171875
0 0.3453125 0.4171875 0.0234375 0.021875
0 0.39765625 0.32421875 0.025 0.03125
0 0.33671875 0.31640625 0.021875 0.02734375
0 0.5203125 0.265625 0.0140625 0.0234375
0 0.496875 0.21875 0.0140625 0.01953125
0 0.46171875 0.17890625 0.0140625 0.0171875
0 0.42578125 0.08671875 0.03125 0.040625
0 0.3796875 0.64921875 0.009375 0.0140625
0 0.41484375 0.70625 0.0171875 0.0171875