0 0.2953125 0.2140625 0.01171875 0.0140625
0 0.3359375 0.21953125 0.015625 0.0171875
0 0.2875 0.24140625 0.015625 0.009375
0 0.32109375 0.25703125 0.0171875 0.0140625
0 0.35625 0.296875 0.0171875 0.01171875
0 0.315625 0.3015625 0.0140625 0.0140625
0 0.2609375 0.3015625 0.0140625 0.0140625
0 0.21171875 0.440625 0.0140625 0.0140625
0 0.384375 0.3921875 0.01171875 0.015625
0 0.3546875 0.4578125 0.0140625 0.0140625
0 0.278125 0.503125 0.0140625 0.0140625
0 0.3375 0.521875 0.015625 0.015625
0 0.24140625 0.5671875 0.0171875 0.0171875
0 0.296875 0.56953125 0.01171875 0.0140625
0 0.2484375 0.6140625 0.0234375 0.0140625
0 0.278125 0.64765625 0.0140625 0.0171875
0 0.33515625 0.69453125 0.0171875 0.0140625
0 0.278125 0.715625 0.0140625 0.0140625
0 0.3078125 0.7296875 0.0140625 0.0171875
0 0.27421875 0.77421875 0.0140625 0.0140625
0 0.2921875 0.80546875 0.0140625 0.0140625
0 0.20625 0.875 0.0171875 0.01953125
0 0.2078125 0.7078125 0.0140625 0.0140625
0 0.1984375 0.6265625 0.021875 0.015625
0 0.1359375 0.675 0.0140625 0.0171875
0 0.1546875 0.728125 0.015625 0.01171875
0 0.2859375 0.36796875 0.0171875 0.021875
0 0.340625 0.35078125 0.0140625 0.0140625
0 0.28515625 0.43671875 0.015625 0.0171875
0 0.28515625 0.28125 0.02734375 0.01953125