0 0.2953125 0.7859375 0.01171875 0.0140625
0 0.3359375 0.78046875 0.015625 0.0171875
0 0.2875 0.75859375 0.015625 0.009375
0 0.32109375 0.74296875 0.0171875 0.0140625
0 0.35625 0.703125 0.0171875 0.01171875
0 0.315625 0.6984375 0.0140625 0.0140625
0 0.2609375 0.6984375 0.0140625 0.0140625
0 0.21171875 0.559375 0.0140625 0.0140625
0 0.384375 0.6078125 0.01171875 0.015625
0 0.3546875 0.5421875 0.0140625 0.0140625
0 0.278125 0.496875 0.0140625 0.0140625
0 0.3375 0.478125 0.015625 0.015625
0 0.24140625 0.4328125 0.0171875 0.0171875
0 0.296875 0.43046875 0.01171875 0.0140625
0 0.2484375 0.3859375 0.0234375 0.0140625
0 0.278125 0.35234375 0.0140625 0.0171875
0 0.33515625 0.30546875 0.0171875 0.0140625
0 0.278125 0.284375 0.0140625 0.0140625
0 0.3078125 0.2703125 0.0140625 0.0171875
0 0.27421875 0.22578125 0.0140625 0.0140625
0 0.2921875 0.19453125 0.0140625 0.0140625
0 0.20625 0.125 0.0171875 0.01953125
0 0.2078125 0.2921875 0.0140625 0.0140625
0 0.1984375 0.3734375 0.021875 0.015625
0 0.1359375 0.325 0.0140625 0.0171875
0 0.1546875 0.271875 0.015625 0.01171875
0 0.2859375 0.63203125 0.0171875 0.021875
0 0.340625 0.64921875 0.0140625 0.0140625
0 0.28515625 0.56328125 0.015625 0.0171875
0 0.28515625 0.71875 0.02734375 0.01953125