0 0.58515625 0.0625 0.0171875 0.03125
0 0.6671875 0.1625 0.021875 0.03125
0 0.78125 0.0984375 0.01953125 0.021875
0 0.9578125 0.0625 0.0140625 0.01953125
0 0.9265625 0.15 0.021875 0.03125
0 0.815625 0.1890625 0.021875 0.0234375
0 0.85859375 0.2453125 0.0171875 0.025
0 0.74140625 0.33203125 0.0171875 0.03125
0 0.66875 0.33984375 0.0171875 0.02734375
0 0.73359375 0.40546875 0.0171875 0.0296875
0 0.6875 0.4625 0.015625 0.02734375
0 0.66484375 0.53828125 0.0171875 0.025
0 0.7265625 0.525 0.01171875 0.01953125
0 0.6828125 0.76953125 0.0140625 0.01953125
0 0.7234375 0.82734375 0.0171875 0.021875