0 0.390625 0.9625 0.01953125 0.01953125
0 0.45703125 0.86796875 0.015625 0.0171875
0 0.4 0.8265625 0.015625 0.01953125
0 0.3125 0.8671875 0.01953125 0.015625
0 0.2265625 0.9328125 0.01953125 0.0140625
0 0.128125 0.9171875 0.0171875 0.0140625
0 0.16484375 0.87578125 0.0171875 0.0140625
0 0.2390625 0.8078125 0.021875 0.0171875
0 0.1046875 0.82109375 0.0140625 0.0171875
0 0.47265625 0.7390625 0.015625 0.0140625
0 0.3296875 0.7921875 0.015625 0.0140625
0 0.41875 0.68046875 0.0171875 0.021875
0 0.234375 0.70234375 0.015625 0.0171875
0 0.175 0.75078125 0.0171875 0.0171875
0 0.090625 0.653125 0.0171875 0.0140625
0 0.0421875 0.671875 0.021875 0.0234375
0 0.2328125 0.58125 0.01953125 0.0171875
0 0.16484375 0.534375 0.009375 0.0140625