0 0.609375 0.0375 0.01953125 0.01953125
0 0.54296875 0.13203125 0.015625 0.0171875
0 0.6 0.1734375 0.015625 0.01953125
0 0.6875 0.1328125 0.01953125 0.015625
0 0.7734375 0.0671875 0.01953125 0.0140625
0 0.871875 0.0828125 0.0171875 0.0140625
0 0.83515625 0.12421875 0.0171875 0.0140625
0 0.7609375 0.1921875 0.021875 0.0171875
0 0.8953125 0.17890625 0.0140625 0.0171875
0 0.52734375 0.2609375 0.015625 0.0140625
0 0.6703125 0.2078125 0.015625 0.0140625
0 0.58125 0.31953125 0.0171875 0.021875
0 0.765625 0.29765625 0.015625 0.0171875
0 0.825 0.24921875 0.0171875 0.0171875
0 0.909375 0.346875 0.0171875 0.0140625
0 0.9578125 0.328125 0.021875 0.0234375
0 0.7671875 0.41875 0.01953125 0.0171875
0 0.83515625 0.465625 0.009375 0.0140625