0 0.5171875 0.04375 0.02734375 0.0171875
0 0.5859375 0.0703125 0.03125 0.01953125
0 0.70390625 0.1390625 0.0171875 0.015625
0 0.40703125 0.05390625 0.025 0.025
0 0.2546875 0.13203125 0.0296875 0.021875
0 0.3453125 0.134375 0.03125 0.01953125
0 0.484375 0.1546875 0.0234375 0.0234375
0 0.571875 0.1671875 0.0234375 0.0140625
0 0.478125 0.22265625 0.01953125 0.015625
0 0.5015625 0.26875 0.03125 0.0171875
0 0.43359375 0.365625 0.0234375 0.01953125
0 0.40625 0.29375 0.02734375 0.0171875
0 0.32109375 0.2453125 0.025 0.0171875
0 0.22265625 0.24609375 0.02734375 0.02734375
0 0.11328125 0.25625 0.0234375 0.015625
0 0.0578125 0.290625 0.0296875 0.015625
0 0.0828125 0.39765625 0.025 0.0171875
0 0.1265625 0.4890625 0.0234375 0.021875
0 0.2390625 0.453125 0.021875 0.0234375
0 0.290625 0.3921875 0.02734375 0.01953125
0 0.3078125 0.49296875 0.0296875 0.0171875
0 0.22578125 0.565625 0.040625 0.021875
0 0.23828125 0.6703125 0.03125 0.02734375
0 0.1359375 0.58984375 0.021875 0.02734375