0 0.5171875 0.95625 0.02734375 0.0171875
0 0.5859375 0.9296875 0.03125 0.01953125
0 0.70390625 0.8609375 0.0171875 0.015625
0 0.40703125 0.94609375 0.025 0.025
0 0.2546875 0.86796875 0.0296875 0.021875
0 0.3453125 0.865625 0.03125 0.01953125
0 0.484375 0.8453125 0.0234375 0.0234375
0 0.571875 0.8328125 0.0234375 0.0140625
0 0.478125 0.77734375 0.01953125 0.015625
0 0.5015625 0.73125 0.03125 0.0171875
0 0.43359375 0.634375 0.0234375 0.01953125
0 0.40625 0.70625 0.02734375 0.0171875
0 0.32109375 0.7546875 0.025 0.0171875
0 0.22265625 0.75390625 0.02734375 0.02734375
0 0.11328125 0.74375 0.0234375 0.015625
0 0.0578125 0.709375 0.0296875 0.015625
0 0.0828125 0.60234375 0.025 0.0171875
0 0.1265625 0.5109375 0.0234375 0.021875
0 0.2390625 0.546875 0.021875 0.0234375
0 0.290625 0.6078125 0.02734375 0.01953125
0 0.3078125 0.50703125 0.0296875 0.0171875
0 0.22578125 0.434375 0.040625 0.021875
0 0.23828125 0.3296875 0.03125 0.02734375
0 0.1359375 0.41015625 0.021875 0.02734375