0 0.609375 0.9625 0.01953125 0.01953125
0 0.54296875 0.86796875 0.015625 0.0171875
0 0.6 0.8265625 0.015625 0.01953125
0 0.6875 0.8671875 0.01953125 0.015625
0 0.7734375 0.9328125 0.01953125 0.0140625
0 0.871875 0.9171875 0.0171875 0.0140625
0 0.83515625 0.87578125 0.0171875 0.0140625
0 0.7609375 0.8078125 0.021875 0.0171875
0 0.8953125 0.82109375 0.0140625 0.0171875
0 0.52734375 0.7390625 0.015625 0.0140625
0 0.6703125 0.7921875 0.015625 0.0140625
0 0.58125 0.68046875 0.0171875 0.021875
0 0.765625 0.70234375 0.015625 0.0171875
0 0.825 0.75078125 0.0171875 0.0171875
0 0.909375 0.653125 0.0171875 0.0140625
0 0.9578125 0.671875 0.021875 0.0234375
0 0.7671875 0.58125 0.01953125 0.0171875
0 0.83515625 0.534375 0.009375 0.0140625