0 0.41484375 0.9375 0.0171875 0.03125
0 0.3328125 0.8375 0.021875 0.03125
0 0.21875 0.9015625 0.01953125 0.021875
0 0.0421875 0.9375 0.0140625 0.01953125
0 0.0734375 0.85 0.021875 0.03125
0 0.184375 0.8109375 0.021875 0.0234375
0 0.14140625 0.7546875 0.0171875 0.025
0 0.25859375 0.66796875 0.0171875 0.03125
0 0.33125 0.66015625 0.0171875 0.02734375
0 0.26640625 0.59453125 0.0171875 0.0296875
0 0.3125 0.5375 0.015625 0.02734375
0 0.33515625 0.46171875 0.0171875 0.025
0 0.2734375 0.475 0.01171875 0.01953125
0 0.3171875 0.23046875 0.0140625 0.01953125
0 0.2765625 0.17265625 0.0171875 0.021875