0 0.4828125 0.95625 0.02734375 0.0171875
0 0.4140625 0.9296875 0.03125 0.01953125
0 0.29609375 0.8609375 0.0171875 0.015625
0 0.59296875 0.94609375 0.025 0.025
0 0.7453125 0.86796875 0.0296875 0.021875
0 0.6546875 0.865625 0.03125 0.01953125
0 0.515625 0.8453125 0.0234375 0.0234375
0 0.428125 0.8328125 0.0234375 0.0140625
0 0.521875 0.77734375 0.01953125 0.015625
0 0.4984375 0.73125 0.03125 0.0171875
0 0.56640625 0.634375 0.0234375 0.01953125
0 0.59375 0.70625 0.02734375 0.0171875
0 0.67890625 0.7546875 0.025 0.0171875
0 0.77734375 0.75390625 0.02734375 0.02734375
0 0.88671875 0.74375 0.0234375 0.015625
0 0.9421875 0.709375 0.0296875 0.015625
0 0.9171875 0.60234375 0.025 0.0171875
0 0.8734375 0.5109375 0.0234375 0.021875
0 0.7609375 0.546875 0.021875 0.0234375
0 0.709375 0.6078125 0.02734375 0.01953125
0 0.6921875 0.50703125 0.0296875 0.0171875
0 0.77421875 0.434375 0.040625 0.021875
0 0.76171875 0.3296875 0.03125 0.02734375
0 0.8640625 0.41015625 0.021875 0.02734375