0 0.0796875 0.09765625 0.02734375 0.03515625
0 0.1734375 0.1453125 0.02734375 0.021875
0 0.11640625 0.17890625 0.025 0.0375
0 0.1359375 0.2703125 0.021875 0.040625
0 0.19453125 0.2203125 0.021875 0.0234375
0 0.22265625 0.3109375 0.02734375 0.0390625
0 0.15 0.35 0.03125 0.03125
0 0.16328125 0.4484375 0.021875 0.040625
0 0.27421875 0.4890625 0.0140625 0.021875
0 0.1875 0.546875 0.03515625 0.0390625
0 0.2171875 0.6265625 0.03125 0.0390625
0 0.3296875 0.64921875 0.02734375 0.021875
0 0.3734375 0.74140625 0.0234375 0.025
0 0.3234375 0.9 0.021875 0.03125