0 0.0390625 0.15625 0.02734375 0.02734375
0 0.0921875 0.1453125 0.03125 0.021875
0 0.14765625 0.13203125 0.025 0.021875
0 0.1953125 0.12421875 0.03515625 0.021875
0 0.2515625 0.11640625 0.03125 0.0171875
0 0.30390625 0.10234375 0.0375 0.0171875
0 0.359375 0.0984375 0.0234375 0.0171875
0 0.4078125 0.10234375 0.03125 0.0171875
0 0.4625 0.10625 0.03125 0.0171875
0 0.7359375 0.16484375 0.02734375 0.0171875
0 0.7984375 0.171875 0.02734375 0.0234375
0 0.8609375 0.1578125 0.02734375 0.0234375
0 0.8609375 0.2015625 0.03515625 0.02734375
0 0.92890625 0.24140625 0.025 0.025
0 0.9328125 0.3140625 0.0171875 0.0234375
0 0.90234375 0.3 0.02734375 0.0171875
0 0.8421875 0.2796875 0.03125 0.0234375
0 0.80546875 0.265625 0.021875 0.0234375
0 0.7703125 0.2546875 0.021875 0.0171875
0 0.74140625 0.24296875 0.0171875 0.021875
0 0.71015625 0.23125 0.025 0.0171875
0 0.6734375 0.2234375 0.02734375 0.0171875
0 0.64765625 0.21171875 0.0171875 0.0140625
0 0.609375 0.1984375 0.0234375 0.0140625
0 0.578125 0.19453125 0.0234375 0.021875
0 0.50859375 0.1875 0.025 0.01953125
0 0.44609375 0.17890625 0.025 0.0171875
0 0.57109375 0.1203125 0.0296875 0.0171875