0 0.0390625 0.84375 0.02734375 0.02734375
0 0.0921875 0.8546875 0.03125 0.021875
0 0.14765625 0.86796875 0.025 0.021875
0 0.1953125 0.87578125 0.03515625 0.021875
0 0.2515625 0.88359375 0.03125 0.0171875
0 0.30390625 0.89765625 0.0375 0.0171875
0 0.359375 0.9015625 0.0234375 0.0171875
0 0.4078125 0.89765625 0.03125 0.0171875
0 0.4625 0.89375 0.03125 0.0171875
0 0.7359375 0.83515625 0.02734375 0.0171875
0 0.7984375 0.828125 0.02734375 0.0234375
0 0.8609375 0.8421875 0.02734375 0.0234375
0 0.8609375 0.7984375 0.03515625 0.02734375
0 0.92890625 0.75859375 0.025 0.025
0 0.9328125 0.6859375 0.0171875 0.0234375
0 0.90234375 0.7 0.02734375 0.0171875
0 0.8421875 0.7203125 0.03125 0.0234375
0 0.80546875 0.734375 0.021875 0.0234375
0 0.7703125 0.7453125 0.021875 0.0171875
0 0.74140625 0.75703125 0.0171875 0.021875
0 0.71015625 0.76875 0.025 0.0171875
0 0.6734375 0.7765625 0.02734375 0.0171875
0 0.64765625 0.78828125 0.0171875 0.0140625
0 0.609375 0.8015625 0.0234375 0.0140625
0 0.578125 0.80546875 0.0234375 0.021875
0 0.50859375 0.8125 0.025 0.01953125
0 0.44609375 0.82109375 0.025 0.0171875
0 0.57109375 0.8796875 0.0296875 0.0171875