0 0.9609375 0.15625 0.02734375 0.02734375
0 0.9078125 0.1453125 0.03125 0.021875
0 0.85234375 0.13203125 0.025 0.021875
0 0.8046875 0.12421875 0.03515625 0.021875
0 0.7484375 0.11640625 0.03125 0.0171875
0 0.69609375 0.10234375 0.0375 0.0171875
0 0.640625 0.0984375 0.0234375 0.0171875
0 0.5921875 0.10234375 0.03125 0.0171875
0 0.5375 0.10625 0.03125 0.0171875
0 0.2640625 0.16484375 0.02734375 0.0171875
0 0.2015625 0.171875 0.02734375 0.0234375
0 0.1390625 0.1578125 0.02734375 0.0234375
0 0.1390625 0.2015625 0.03515625 0.02734375
0 0.07109375 0.24140625 0.025 0.025
0 0.0671875 0.3140625 0.0171875 0.0234375
0 0.09765625 0.3 0.02734375 0.0171875
0 0.1578125 0.2796875 0.03125 0.0234375
0 0.19453125 0.265625 0.021875 0.0234375
0 0.2296875 0.2546875 0.021875 0.0171875
0 0.25859375 0.24296875 0.0171875 0.021875
0 0.28984375 0.23125 0.025 0.0171875
0 0.3265625 0.2234375 0.02734375 0.0171875
0 0.35234375 0.21171875 0.0171875 0.0140625
0 0.390625 0.1984375 0.0234375 0.0140625
0 0.421875 0.19453125 0.0234375 0.021875
0 0.49140625 0.1875 0.025 0.01953125
0 0.55390625 0.17890625 0.025 0.0171875
0 0.42890625 0.1203125 0.0296875 0.0171875