0 0.41484375 0.06328125 0.025 0.025
0 0.534375 0.0640625 0.025 0.02734375
0 0.5765625 0.1078125 0.02734375 0.02734375
0 0.63359375 0.1578125 0.0375 0.03125
0 0.6953125 0.21875 0.02734375 0.02734375
0 0.74375 0.2515625 0.03125 0.0234375
0 0.81640625 0.2796875 0.03515625 0.0234375
0 0.7765625 0.321875 0.0296875 0.02734375
0 0.825 0.359375 0.025 0.03125
0 0.73359375 0.28828125 0.0375 0.021875
0 0.6078125 0.2515625 0.02734375 0.0234375
0 0.5625 0.21015625 0.03515625 0.025
0 0.890625 0.31640625 0.01953125 0.01953125