0 0.74140625 0.47265625 0.0171875 0.02734375
0 0.721875 0.51875 0.0140625 0.0171875
0 0.71015625 0.52421875 0.009375 0.021875
0 0.6921875 0.5328125 0.0171875 0.0234375
0 0.66484375 0.5015625 0.0171875 0.0234375
0 0.56953125 0.53828125 0.0140625 0.021875
0 0.5828125 0.546875 0.0140625 0.0234375
0 0.59375 0.546875 0.0078125 0.0234375
0 0.6390625 0.55390625 0.0078125 0.0171875
0 0.653125 0.53828125 0.0140625 0.0140625
0 0.653125 0.5578125 0.0140625 0.0171875
0 0.7515625 0.43359375 0.0234375 0.02734375
0 0.7015625 0.47578125 0.01953125 0.025
0 0.6125 0.50859375 0.0171875 0.025
0 0.6296875 0.50390625 0.0171875 0.02734375
0 0.64921875 0.50703125 0.0140625 0.021875
0 0.57890625 0.490625 0.025 0.0234375
0 0.58671875 0.49921875 0.021875 0.021875