0 0.3765625 0.0296875 0.03125 0.0234375
0 0.359375 0.0953125 0.03125 0.03125
0 0.5625 0.05546875 0.03515625 0.040625
0 0.671875 0.02734375 0.0390625 0.03515625
0 0.78515625 0.1546875 0.02734375 0.0390625
0 0.878125 0.125 0.0484375 0.0546875
0 0.84765625 0.24296875 0.02734375 0.05625
0 0.9265625 0.346875 0.040625 0.0484375
0 0.96875 0.48046875 0.02734375 0.06640625
0 0.921875 0.63671875 0.03125 0.05859375
0 0.859375 0.5171875 0.03125 0.03515625
0 0.8453125 0.41875 0.0234375 0.0453125
0 0.7578125 0.3578125 0.03515625 0.0546875
0 0.73828125 0.253125 0.03125 0.0484375
0 0.659375 0.1859375 0.0484375 0.0390625
0 0.5609375 0.2015625 0.0390625 0.02734375
0 0.49140625 0.21484375 0.025 0.02734375
0 0.5296875 0.3640625 0.03125 0.040625
0 0.57109375 0.28984375 0.0453125 0.0375
0 0.58515625 0.36015625 0.025 0.0296875
0 0.66328125 0.275 0.040625 0.03125
0 0.6734375 0.33984375 0.02734375 0.02734375
0 0.515625 0.26875 0.0234375 0.0171875
0 0.68125 0.44453125 0.03125 0.0484375
0 0.75390625 0.45 0.03515625 0.0453125
0 0.771875 0.5171875 0.0234375 0.03515625