0 0.6234375 0.9703125 0.03125 0.0234375
0 0.640625 0.9046875 0.03125 0.03125
0 0.4375 0.94453125 0.03515625 0.040625
0 0.328125 0.97265625 0.0390625 0.03515625
0 0.21484375 0.8453125 0.02734375 0.0390625
0 0.121875 0.875 0.0484375 0.0546875
0 0.15234375 0.75703125 0.02734375 0.05625
0 0.0734375 0.653125 0.040625 0.0484375
0 0.03125 0.51953125 0.02734375 0.06640625
0 0.078125 0.36328125 0.03125 0.05859375
0 0.140625 0.4828125 0.03125 0.03515625
0 0.1546875 0.58125 0.0234375 0.0453125
0 0.2421875 0.6421875 0.03515625 0.0546875
0 0.26171875 0.746875 0.03125 0.0484375
0 0.340625 0.8140625 0.0484375 0.0390625
0 0.4390625 0.7984375 0.0390625 0.02734375
0 0.50859375 0.78515625 0.025 0.02734375
0 0.4703125 0.6359375 0.03125 0.040625
0 0.42890625 0.71015625 0.0453125 0.0375
0 0.41484375 0.63984375 0.025 0.0296875
0 0.33671875 0.725 0.040625 0.03125
0 0.3265625 0.66015625 0.02734375 0.02734375
0 0.484375 0.73125 0.0234375 0.0171875
0 0.31875 0.55546875 0.03125 0.0484375
0 0.24609375 0.55 0.03515625 0.0453125
0 0.228125 0.4828125 0.0234375 0.03515625