0 0.58671875 0.75859375 0.021875 0.0453125
0 0.89765625 0.8140625 0.0453125 0.1015625
0 0.8640625 0.640625 0.021875 0.03125
0 0.69921875 0.58515625 0.05859375 0.053125
0 0.765625 0.52265625 0.0390625 0.0453125
0 0.85234375 0.421875 0.0453125 0.0390625
0 0.93359375 0.4703125 0.02734375 0.0234375
0 0.93046875 0.3140625 0.040625 0.03125
0 0.984375 0.19140625 0.0234375 0.03515625
0 0.9375 0.078125 0.0546875 0.0390625
0 0.8328125 0.07109375 0.0484375 0.0453125
0 0.8265625 0.18359375 0.0625 0.0625
0 0.7390625 0.203125 0.040625 0.0390625
0 0.7140625 0.1046875 0.053125 0.040625
0 0.66484375 0.30390625 0.025 0.053125
0 0.7203125 0.3796875 0.0390625 0.0453125
0 0.6453125 0.40625 0.021875 0.03515625