0 0.41328125 0.75859375 0.021875 0.0453125
0 0.10234375 0.8140625 0.0453125 0.1015625
0 0.1359375 0.640625 0.021875 0.03125
0 0.30078125 0.58515625 0.05859375 0.053125
0 0.234375 0.52265625 0.0390625 0.0453125
0 0.14765625 0.421875 0.0453125 0.0390625
0 0.06640625 0.4703125 0.02734375 0.0234375
0 0.06953125 0.3140625 0.040625 0.03125
0 0.015625 0.19140625 0.0234375 0.03515625
0 0.0625 0.078125 0.0546875 0.0390625
0 0.1671875 0.07109375 0.0484375 0.0453125
0 0.1734375 0.18359375 0.0625 0.0625
0 0.2609375 0.203125 0.040625 0.0390625
0 0.2859375 0.1046875 0.053125 0.040625
0 0.33515625 0.30390625 0.025 0.053125
0 0.2796875 0.3796875 0.0390625 0.0453125
0 0.3546875 0.40625 0.021875 0.03515625