0 0.04583333333333333 0.19833333333333333 0.016666666666666666 0.07
0 0.043333333333333335 0.085 0.016666666666666666 0.09
0 0.10333333333333333 0.12916666666666668 0.041666666666666664 0.25166666666666665
0 0.10166666666666667 0.4191666666666667 0.015 0.05333333333333334
0 0.1375 0.4225 0.008333333333333333 0.04666666666666667
0 0.17333333333333334 0.43583333333333335 0.006666666666666667 0.015
0 0.1375 0.37666666666666665 0.01 0.04666666666666667
0 0.16833333333333333 0.4033333333333333 0.018333333333333333 0.065
0 0.1975 0.3975 0.013333333333333334 0.01
0 0.19833333333333333 0.36083333333333334 0.015 0.06333333333333334
0 0.19666666666666666 0.44333333333333336 0.013333333333333334 0.05
0 0.19666666666666666 0.49416666666666664 0.01 0.035
0 0.1975 0.5375 0.008333333333333333 0.041666666666666664
0 0.2675 0.0775 0.011666666666666667 0.03666666666666667
0 0.35333333333333333 0.21666666666666667 0.011666666666666667 0.03666666666666667
0 0.36833333333333335 0.21416666666666667 0.011666666666666667 0.056666666666666664
0 0.9116666666666666 0.615 0.17333333333333334 0.11