0 0.050833333333333335 0.16833333333333333 0.10166666666666667 0.23666666666666666
0 0.465 0.5575 0.028333333333333332 0.018333333333333333
0 0.475 0.49083333333333334 0.03 0.025
0 0.3975 0.5 0.03333333333333333 0.03
0 0.2825 0.5125 0.015 0.01
0 0.25666666666666665 0.52 0.03833333333333333 0.028333333333333332
0 0.1075 0.4775 0.041666666666666664 0.015
0 0.0275 0.5391666666666667 0.03 0.02
0 0.050833333333333335 0.6725 0.03666666666666667 0.025
0 0.07416666666666667 0.6025 0.03333333333333333 0.02666666666666667
0 0.10083333333333333 0.525 0.03 0.021666666666666667
0 0.4841666666666667 0.6091666666666666 0.028333333333333332 0.028333333333333332
0 0.32666666666666666 0.575 0.03 0.025
0 0.3416666666666667 0.6425 0.05 0.02666666666666667
0 0.39166666666666666 0.69 0.04 0.023333333333333334
0 0.44333333333333336 0.68 0.02666666666666667 0.021666666666666667
0 0.43833333333333335 0.745 0.035 0.021666666666666667
0 0.47583333333333333 0.9433333333333334 0.02666666666666667 0.02
0 0.4725 0.8916666666666667 0.03166666666666667 0.02
0 0.4266666666666667 0.855 0.03 0.02
0 0.43833333333333335 0.8108333333333333 0.03166666666666667 0.015
0 0.36583333333333334 0.8108333333333333 0.04 0.023333333333333334
0 0.42333333333333334 0.9458333333333333 0.02666666666666667 0.021666666666666667
0 0.42833333333333334 0.9891666666666666 0.03333333333333333 0.018333333333333333
0 0.355 0.9966666666666667 0.03333333333333333 0.0033333333333333335
0 0.35 0.9558333333333333 0.03166666666666667 0.016666666666666666
0 0.3333333333333333 0.8641666666666666 0.03333333333333333 0.02
0 0.315 0.8166666666666667 0.03166666666666667 0.02
0 0.28583333333333333 0.7641666666666667 0.035 0.02
0 0.27666666666666667 0.9141666666666667 0.03166666666666667 0.02
0 0.25666666666666665 0.8725 0.025 0.021666666666666667
0 0.23583333333333334 0.7816666666666666 0.03166666666666667 0.021666666666666667
0 0.18916666666666668 0.885 0.03333333333333333 0.016666666666666666
0 0.17666666666666667 0.8383333333333334 0.03166666666666667 0.02
0 0.12583333333333332 0.8841666666666667 0.03 0.018333333333333333
0 0.12416666666666666 0.7933333333333333 0.04 0.025
0 0.07083333333333333 0.7275 0.03166666666666667 0.023333333333333334
0 0.014166666666666666 0.98 0.028333333333333332 0.02
0 0.135 0.9775 0.035 0.021666666666666667
0 0.6658333333333334 0.5116666666666667 0.33166666666666667 0.08333333333333333