0 0.9133333333333333 0.049166666666666664 0.16 0.09833333333333333
0 0.28833333333333333 0.6575 0.28 0.3283333333333333
0 0.8575 0.49083333333333334 0.02666666666666667 0.01
0 0.85 0.565 0.021666666666666667 0.008333333333333333
0 0.85 0.5825 0.025 0.008333333333333333
0 0.9908333333333333 0.5358333333333334 0.015 0.015
0 0.9875 0.5825 0.021666666666666667 0.015
0 0.9858333333333333 0.6075 0.025 0.015
0 0.985 0.6541666666666667 0.02666666666666667 0.015
0 0.8483333333333334 0.6066666666666667 0.023333333333333334 0.008333333333333333
0 0.8508333333333333 0.6166666666666667 0.03166666666666667 0.008333333333333333
0 0.845 0.6316666666666667 0.021666666666666667 0.008333333333333333
0 0.8475 0.6391666666666667 0.03 0.008333333333333333
0 0.81 0.6283333333333333 0.03 0.008333333333333333
0 0.6441666666666667 0.6108333333333333 0.056666666666666664 0.015
0 0.5616666666666666 0.5991666666666666 0.07833333333333334 0.016666666666666666
0 0.43666666666666665 0.705 0.013333333333333334 0.04
0 0.46166666666666667 0.6733333333333333 0.06333333333333334 0.016666666666666666
0 0.49666666666666665 0.705 0.021666666666666667 0.03166666666666667
0 0.5625 0.6966666666666667 0.013333333333333334 0.008333333333333333
0 0.565 0.6775 0.065 0.018333333333333333
0 0.585 0.7141666666666666 0.021666666666666667 0.03666666666666667
0 0.6491666666666667 0.6666666666666666 0.06333333333333334 0.015
0 0.81 0.6541666666666667 0.02666666666666667 0.008333333333333333
0 0.8458333333333333 0.6566666666666666 0.02666666666666667 0.008333333333333333
0 0.8466666666666667 0.6658333333333334 0.03166666666666667 0.01
0 0.8108333333333333 0.6608333333333334 0.023333333333333334 0.008333333333333333
0 0.8083333333333333 0.6858333333333333 0.023333333333333334 0.008333333333333333
0 0.8408333333333333 0.7058333333333333 0.02666666666666667 0.008333333333333333
0 0.8391666666666666 0.6883333333333334 0.023333333333333334 0.008333333333333333
0 0.8058333333333333 0.7025 0.02666666666666667 0.008333333333333333
0 0.8058333333333333 0.7116666666666667 0.02666666666666667 0.008333333333333333
0 0.8033333333333333 0.7266666666666667 0.02666666666666667 0.008333333333333333
0 0.9816666666666667 0.6775 0.03333333333333333 0.015
0 0.9858333333333333 0.725 0.025 0.013333333333333334
0 0.9791666666666666 0.7708333333333334 0.03833333333333333 0.015
0 0.9825 0.7825 0.03166666666666667 0.015
0 0.98 0.8058333333333333 0.03666666666666667 0.015
0 0.9783333333333334 0.8308333333333333 0.04 0.015
0 0.8391666666666666 0.7375 0.02666666666666667 0.008333333333333333
0 0.8025 0.76 0.02666666666666667 0.008333333333333333
0 0.8008333333333333 0.775 0.02666666666666667 0.008333333333333333
0 0.7883333333333333 0.7841666666666667 0.043333333333333335 0.011666666666666667
0 0.8358333333333333 0.7875 0.023333333333333334 0.008333333333333333
0 0.785 0.7975 0.05333333333333334 0.015
0 0.7816666666666666 0.8208333333333333 0.056666666666666664 0.013333333333333334
0 0.6341666666666667 0.7625 0.06333333333333334 0.015
0 0.5825 0.7941666666666667 0.02 0.051666666666666666
0 0.63 0.8191666666666667 0.05333333333333334 0.013333333333333334
0 0.8483333333333334 0.8508333333333333 0.05333333333333334 0.016666666666666666
0 0.9758333333333333 0.8533333333333334 0.045 0.016666666666666666
0 0.9816666666666667 0.865 0.03333333333333333 0.013333333333333334
0 0.9791666666666666 0.8758333333333334 0.03833333333333333 0.015
0 0.8425 0.9 0.05333333333333334 0.013333333333333334
0 0.5258333333333334 0.8333333333333334 0.09166666666666666 0.023333333333333334
0 0.775 0.9308333333333333 0.05333333333333334 0.015
0 0.8366666666666667 0.9475 0.04666666666666667 0.013333333333333334
0 0.975 0.9241666666666667 0.04666666666666667 0.015
0 0.9808333333333333 0.9366666666666666 0.035 0.011666666666666667
0 0.9725 0.9583333333333334 0.05 0.013333333333333334
0 0.9658333333333333 0.9808333333333333 0.06 0.015
0 0.8375 0.9733333333333334 0.056666666666666664 0.015
0 0.7691666666666667 0.9683333333333334 0.056666666666666664 0.013333333333333334
0 0.6108333333333333 0.9283333333333333 0.03333333333333333 0.01
0 0.6066666666666667 0.9391666666666667 0.03 0.008333333333333333
0 0.5683333333333334 0.935 0.02666666666666667 0.04833333333333333
0 0.49333333333333335 0.9441666666666667 0.018333333333333333 0.023333333333333334
0 0.4766666666666667 0.9441666666666667 0.016666666666666666 0.021666666666666667
0 0.46 0.9416666666666667 0.016666666666666666 0.025
0 0.44416666666666665 0.9608333333333333 0.028333333333333332 0.015
0 0.5341666666666667 0.9683333333333334 0.03833333333333333 0.016666666666666666
0 0.6241666666666666 0.9566666666666667 0.065 0.02
0 0.6825 0.9766666666666667 0.04 0.01
0 0.6833333333333333 0.9833333333333333 0.03666666666666667 0.011666666666666667
0 0.7216666666666667 0.9833333333333333 0.015 0.018333333333333333
0 0.7683333333333333 0.9875 0.015 0.018333333333333333
0 0.7816666666666666 0.9891666666666666 0.011666666666666667 0.016666666666666666
0 0.7958333333333333 0.9908333333333333 0.015 0.015
0 0.81 0.99 0.013333333333333334 0.015
0 0.8325 0.9941666666666666 0.011666666666666667 0.008333333333333333
0 0.8425 0.99 0.015 0.016666666666666666
0 0.8666666666666667 0.9916666666666667 0.016666666666666666 0.013333333333333334
0 0.8825 0.9925 0.015 0.011666666666666667
0 0.9091666666666667 0.9941666666666666 0.015 0.008333333333333333
0 0.95 0.9958333333333333 0.016666666666666666 0.005
0 0.9666666666666667 0.995 0.016666666666666666 0.006666666666666667
0 0.6525 0.525 0.04666666666666667 0.013333333333333334
0 0.8116666666666666 0.6041666666666666 0.028333333333333332 0.008333333333333333
0 0.8175 0.58 0.03 0.011666666666666667
0 0.8158333333333333 0.5541666666666667 0.03 0.011666666666666667
0 0.8125 0.5258333333333334 0.04 0.013333333333333334
0 0.8108333333333333 0.4625 0.05 0.015
0 0.8216666666666667 0.44166666666666665 0.03666666666666667 0.013333333333333334
0 0.5691666666666667 0.5633333333333334 0.06666666666666667 0.02
0 0.5725 0.5475 0.08333333333333333 0.018333333333333333