0 0.23583333333333334 0.11166666666666666 0.13666666666666666 0.08666666666666667
0 0.07166666666666667 0.6433333333333333 0.07 0.10333333333333333
0 0.43916666666666665 0.5375 0.041666666666666664 0.013333333333333334
0 0.7166666666666667 0.5758333333333333 0.005 0.0033333333333333335
0 0.7316666666666667 0.5725 0.028333333333333332 0.013333333333333334
0 0.7991666666666667 0.4891666666666667 0.035 0.013333333333333334
0 0.8091666666666667 0.5458333333333333 0.01 0.0033333333333333335
0 0.82 0.5458333333333333 0.021666666666666667 0.008333333333333333
0 0.6466666666666666 0.6075 0.03 0.011666666666666667
0 0.44666666666666666 0.6675 0.045 0.011666666666666667
0 0.7366666666666667 0.7766666666666666 0.006666666666666667 0.006666666666666667
0 0.6366666666666667 0.77 0.03833333333333333 0.006666666666666667
0 0.8325 0.6591666666666667 0.04 0.013333333333333334
0 0.7625 0.6983333333333334 0.03666666666666667 0.011666666666666667
0 0.7658333333333334 0.7458333333333333 0.03333333333333333 0.013333333333333334
0 0.7216666666666667 0.8066666666666666 0.03 0.01
0 0.7891666666666667 0.8175 0.023333333333333334 0.006666666666666667
0 0.835 0.775 0.018333333333333333 0.008333333333333333
0 0.895 0.72 0.03833333333333333 0.016666666666666666
0 0.9391666666666667 0.7791666666666667 0.03166666666666667 0.015
0 0.46 0.8141666666666667 0.006666666666666667 0.006666666666666667
0 0.3566666666666667 0.8066666666666666 0.013333333333333334 0.013333333333333334
0 0.575 0.86 0.03666666666666667 0.011666666666666667
0 0.4925 0.8216666666666667 0.06 0.02
0 0.495 0.8866666666666667 0.041666666666666664 0.013333333333333334
0 0.9575 0.6716666666666666 0.03666666666666667 0.018333333333333333
0 0.995 0.6166666666666667 0.006666666666666667 0.005
0 0.9591666666666666 0.8491666666666666 0.016666666666666666 0.01
0 0.8175 0.92 0.02666666666666667 0.01