0 0.35 0.2725 0.3566666666666667 0.3516666666666667
0 0.905 0.29333333333333333 0.18666666666666668 0.14
0 0.21 0.595 0.3933333333333333 0.29
0 0.76 0.955 0.035 0.018333333333333333
0 0.5591666666666667 0.73 0.021666666666666667 0.02666666666666667
0 0.5941666666666666 0.5658333333333333 0.03666666666666667 0.03666666666666667
0 0.6491666666666667 0.5291666666666667 0.045 0.025
0 0.7491666666666666 0.645 0.03666666666666667 0.025
0 0.6383333333333333 0.71 0.021666666666666667 0.02666666666666667
0 0.7475 0.7141666666666666 0.04 0.02666666666666667
0 0.9558333333333333 0.6241666666666666 0.041666666666666664 0.021666666666666667
0 0.5766666666666667 0.7841666666666667 0.021666666666666667 0.025
0 0.6491666666666667 0.7966666666666666 0.021666666666666667 0.025
0 0.7208333333333333 0.7925 0.021666666666666667 0.02666666666666667
0 0.735 0.8466666666666667 0.028333333333333332 0.016666666666666666
0 0.585 0.84 0.02 0.023333333333333334
0 0.5841666666666666 0.88 0.021666666666666667 0.025
0 0.6258333333333334 0.935 0.05 0.03166666666666667
0 0.6866666666666666 0.8875 0.04666666666666667 0.03166666666666667
0 0.785 0.9033333333333333 0.04833333333333333 0.025
0 0.8133333333333334 0.8608333333333333 0.051666666666666666 0.02666666666666667
0 0.8725 0.9016666666666666 0.03833333333333333 0.02
0 0.855 0.9241666666666667 0.025 0.011666666666666667
0 0.8491666666666666 0.9325 0.02666666666666667 0.011666666666666667
0 0.8516666666666667 0.9408333333333333 0.041666666666666664 0.018333333333333333
0 0.8308333333333333 0.9633333333333334 0.025 0.013333333333333334
0 0.82 0.9775 0.023333333333333334 0.011666666666666667
0 0.8175 0.9866666666666667 0.03166666666666667 0.015
0 0.745 0.965 0.051666666666666666 0.025
0 0.7366666666666667 0.98 0.05333333333333334 0.028333333333333332
0 0.7116666666666667 0.9891666666666666 0.06 0.018333333333333333