0 0.30083333333333334 0.1725 0.21333333333333335 0.19
0 0.9658333333333333 0.31166666666666665 0.065 0.04666666666666667
0 0.9675 0.285 0.06166666666666667 0.06
0 0.9833333333333333 0.2708333333333333 0.03 0.051666666666666666
0 0.835 0.22166666666666668 0.06666666666666667 0.04
0 0.85 0.19416666666666665 0.05 0.03166666666666667
0 0.8758333333333334 0.17 0.05333333333333334 0.03166666666666667
0 0.8858333333333334 0.1575 0.045 0.02666666666666667
0 0.8966666666666666 0.14333333333333334 0.04833333333333333 0.028333333333333332
0 0.9058333333333334 0.13083333333333333 0.056666666666666664 0.035
0 0.9583333333333334 0.065 0.05 0.028333333333333332
0 0.8133333333333334 0.135 0.06833333333333333 0.08833333333333333
0 0.8433333333333334 0.0825 0.08333333333333333 0.041666666666666664
0 0.86 0.07 0.07666666666666666 0.043333333333333335
0 0.8708333333333333 0.04666666666666667 0.08833333333333333 0.04666666666666667
0 0.8866666666666667 0.029166666666666667 0.07333333333333333 0.03833333333333333
0 0.97 0.05333333333333334 0.056666666666666664 0.03
0 0.9691666666666666 0.035833333333333335 0.05 0.028333333333333332
0 0.9783333333333334 0.011666666666666667 0.04 0.023333333333333334
0 0.89 0.013333333333333334 0.09333333333333334 0.02666666666666667
0 0.6583333333333333 0.005 0.08666666666666667 0.01
0 0.6508333333333334 0.0325 0.10333333333333333 0.051666666666666666
0 0.6416666666666667 0.049166666666666664 0.09 0.04833333333333333
0 0.6358333333333334 0.0725 0.09833333333333333 0.05
0 0.6341666666666667 0.0925 0.095 0.05
0 0.6225 0.1175 0.095 0.05
0 0.625 0.13916666666666666 0.11 0.055
0 0.5566666666666666 0.005833333333333334 0.07333333333333333 0.011666666666666667
0 0.55 0.0125 0.06 0.025
0 0.5491666666666667 0.023333333333333334 0.058333333333333334 0.04666666666666667
0 0.5466666666666666 0.04416666666666667 0.05333333333333334 0.041666666666666664
0 0.5433333333333333 0.06333333333333334 0.04666666666666667 0.043333333333333335
0 0.5416666666666666 0.08166666666666667 0.043333333333333335 0.04
0 0.5375 0.10416666666666667 0.035 0.045
0 0.6141666666666666 0.15833333333333333 0.08833333333333333 0.045
0 0.6033333333333334 0.18 0.08833333333333333 0.04666666666666667
0 0.5333333333333333 0.1225 0.02666666666666667 0.051666666666666666
0 0.165 0.8041666666666667 0.21166666666666667 0.165
0 0.8616666666666667 0.6966666666666667 0.2733333333333333 0.3