0 0.31833333333333336 0.018333333333333333 0.2 0.03666666666666667
0 0.8225 0.3325 0.02 0.005
0 0.9375 0.8683333333333333 0.04 0.055
0 0.9433333333333334 0.8016666666666666 0.02 0.028333333333333332
0 0.925 0.8058333333333333 0.023333333333333334 0.04
0 0.925 0.7591666666666667 0.03333333333333333 0.05
0 0.9541666666666667 0.76 0.02666666666666667 0.04666666666666667
0 0.9275 0.6941666666666667 0.03 0.06166666666666667
0 0.9308333333333333 0.6191666666666666 0.055 0.058333333333333334
0 0.8591666666666666 0.8683333333333333 0.045 0.06
0 0.6391666666666667 0.7058333333333333 0.018333333333333333 0.075