0 0.5983333333333334 0.22083333333333333 0.10333333333333333 0.175
0 0.31833333333333336 0.9708333333333333 0.04666666666666667 0.018333333333333333
0 0.17166666666666666 0.86 0.045 0.025
0 0.2775 0.8758333333333334 0.06 0.025
0 0.23583333333333334 0.8216666666666667 0.045 0.021666666666666667
0 0.3408333333333333 0.715 0.04833333333333333 0.025
0 0.205 0.7141666666666666 0.035 0.028333333333333332
0 0.42333333333333334 0.6891666666666667 0.04666666666666667 0.018333333333333333
0 0.3466666666666667 0.6191666666666666 0.018333333333333333 0.028333333333333332
0 0.27 0.6783333333333333 0.03166666666666667 0.028333333333333332
0 0.24416666666666667 0.5666666666666667 0.05333333333333334 0.03
0 0.1875 0.6283333333333333 0.028333333333333332 0.03833333333333333
0 0.1125 0.5825 0.018333333333333333 0.025
0 0.10083333333333333 0.5408333333333334 0.016666666666666666 0.018333333333333333
0 0.13583333333333333 0.6858333333333333 0.021666666666666667 0.028333333333333332
0 0.06916666666666667 0.65 0.018333333333333333 0.025
0 0.06333333333333334 0.8175 0.03166666666666667 0.03166666666666667
0 0.019166666666666665 0.8633333333333333 0.03833333333333333 0.02
0 0.0025 0.6833333333333333 0.005 0.02666666666666667
0 0.0425 0.5991666666666666 0.018333333333333333 0.023333333333333334
0 0.025 0.5458333333333333 0.018333333333333333 0.021666666666666667
0 0.018333333333333333 0.5066666666666667 0.018333333333333333 0.023333333333333334
0 0.07916666666666666 0.3525 0.04833333333333333 0.023333333333333334
0 0.025833333333333333 0.32916666666666666 0.051666666666666666 0.03166666666666667
0 0.6533333333333333 0.5416666666666666 0.36666666666666664 0.28