0 0.5341666666666667 0.18 0.025 0.03666666666666667
0 0.5383333333333333 0.26166666666666666 0.03333333333333333 0.045
0 0.4716666666666667 0.24416666666666667 0.025 0.028333333333333332
0 0.4691666666666667 0.35333333333333333 0.02666666666666667 0.03666666666666667
0 0.5375 0.38166666666666665 0.028333333333333332 0.035
0 0.2475 0.4766666666666667 0.018333333333333333 0.03333333333333333
0 0.2941666666666667 0.4675 0.021666666666666667 0.03333333333333333
0 0.2525 0.41333333333333333 0.02 0.03166666666666667
0 0.3433333333333333 0.41833333333333333 0.028333333333333332 0.04
0 0.4125 0.36916666666666664 0.025 0.03166666666666667
0 0.41 0.2658333333333333 0.025 0.03
0 0.29583333333333334 0.19583333333333333 0.021666666666666667 0.035
0 0.24833333333333332 0.1975 0.021666666666666667 0.023333333333333334
0 0.2808333333333333 0.1125 0.028333333333333332 0.03166666666666667
0 0.465 0.08333333333333333 0.023333333333333334 0.03666666666666667
0 0.32416666666666666 0.005 0.028333333333333332 0.01
0 0.09666666666666666 0.035833333333333335 0.03 0.035
0 0.15583333333333332 0.0225 0.025 0.043333333333333335
0 0.2675 0.004166666666666667 0.025 0.008333333333333333
0 0.20833333333333334 0.1 0.025 0.04
0 0.16 0.22666666666666666 0.025 0.035
0 0.065 0.2966666666666667 0.021666666666666667 0.03333333333333333
0 0.10583333333333333 0.29 0.021666666666666667 0.035
0 0.165 0.2941666666666667 0.02 0.03
0 0.15916666666666668 0.4166666666666667 0.023333333333333334 0.03666666666666667
0 0.06166666666666667 0.38083333333333336 0.018333333333333333 0.03166666666666667
0 0.115 0.4841666666666667 0.023333333333333334 0.028333333333333332
0 0.615 0.10333333333333333 0.07 0.07
0 0.805 0.17666666666666667 0.38666666666666666 0.35333333333333333
0 0.33166666666666667 0.8425 0.15666666666666668 0.125
0 0.7891666666666667 0.8025 0.41833333333333333 0.39166666666666666