0 0.0525 0.5425 0.105 0.21833333333333332
0 0.9616666666666667 0.5758333333333333 0.07333333333333333 0.205
0 0.5458333333333333 0.6858333333333333 0.03833333333333333 0.011666666666666667
0 0.645 0.6941666666666667 0.1 0.028333333333333332
0 0.6358333333333334 0.7108333333333333 0.07666666666666666 0.035
0 0.64 0.7316666666666667 0.07833333333333334 0.03333333333333333
0 0.5508333333333333 0.715 0.04666666666666667 0.018333333333333333
0 0.5491666666666667 0.7275 0.05 0.021666666666666667
0 0.5525 0.7458333333333333 0.051666666666666666 0.021666666666666667
0 0.5608333333333333 0.76 0.05 0.021666666666666667
0 0.5633333333333334 0.7758333333333334 0.055 0.02666666666666667
0 0.5758333333333333 0.7916666666666666 0.045 0.021666666666666667
0 0.6416666666666667 0.7525 0.06166666666666667 0.025
0 0.66 0.7883333333333333 0.07666666666666666 0.04
0 0.6733333333333333 0.8091666666666667 0.08166666666666667 0.03833333333333333
0 0.6825 0.8283333333333334 0.06833333333333333 0.03666666666666667
0 0.5925 0.8241666666666667 0.05333333333333334 0.025
0 0.5983333333333334 0.8391666666666666 0.051666666666666666 0.02666666666666667
0 0.6141666666666666 0.8541666666666666 0.03833333333333333 0.021666666666666667
0 0.47333333333333333 0.8883333333333333 0.02666666666666667 0.03666666666666667
0 0.4741666666666667 0.9083333333333333 0.028333333333333332 0.04
0 0.485 0.9333333333333333 0.05 0.04
0 0.4891666666666667 0.9516666666666667 0.058333333333333334 0.04
0 0.5025 0.9791666666666666 0.04833333333333333 0.028333333333333332
0 0.6891666666666667 0.8475 0.07333333333333333 0.035
0 0.6216666666666667 0.8691666666666666 0.045 0.025
0 0.7083333333333334 0.8666666666666667 0.07 0.035
0 0.6425 0.9008333333333334 0.045 0.02666666666666667
0 0.6641666666666667 0.9325 0.05 0.03
0 0.7058333333333333 0.8883333333333333 0.021666666666666667 0.018333333333333333
0 0.7383333333333333 0.9025 0.05333333333333334 0.03666666666666667
0 0.7475 0.9216666666666666 0.05333333333333334 0.03333333333333333
0 0.8783333333333333 0.7625 0.051666666666666666 0.023333333333333334
0 0.8825 0.7775 0.05 0.021666666666666667
0 0.89 0.7916666666666666 0.04833333333333333 0.021666666666666667
0 0.8991666666666667 0.8091666666666667 0.05 0.02
0 0.9033333333333333 0.8216666666666667 0.04666666666666667 0.021666666666666667
0 0.9108333333333334 0.8358333333333333 0.04833333333333333 0.021666666666666667
0 0.9108333333333334 0.8525 0.05 0.021666666666666667
0 0.9575 0.8375 0.025 0.028333333333333332
0 0.9458333333333333 0.8116666666666666 0.018333333333333333 0.016666666666666666
0 0.9341666666666667 0.7691666666666667 0.02666666666666667 0.03333333333333333
0 0.87 0.7441666666666666 0.058333333333333334 0.02666666666666667
0 0.8508333333333333 0.7258333333333333 0.07833333333333334 0.028333333333333332
0 0.8558333333333333 0.7066666666666667 0.08333333333333333 0.02666666666666667
0 0.8583333333333333 0.6908333333333333 0.08333333333333333 0.021666666666666667
0 0.95 0.6916666666666667 0.06 0.023333333333333334
0 0.9566666666666667 0.6833333333333333 0.07 0.006666666666666667