0 0.10916666666666666 0.11166666666666666 0.19666666666666666 0.19
0 0.4841666666666667 0.115 0.24833333333333332 0.23
0 0.008333333333333333 0.8608333333333333 0.016666666666666666 0.04666666666666667
0 0.04 0.8775 0.016666666666666666 0.05
0 0.055 0.8833333333333333 0.013333333333333334 0.043333333333333335
0 0.07166666666666667 0.8883333333333333 0.013333333333333334 0.04666666666666667
0 0.08666666666666667 0.8933333333333333 0.018333333333333333 0.05333333333333334
0 0.16583333333333333 0.9216666666666666 0.013333333333333334 0.04833333333333333
0 0.0525 0.8075 0.07666666666666666 0.04666666666666667
0 0.11166666666666666 0.8183333333333334 0.016666666666666666 0.08166666666666667
0 0.12916666666666668 0.83 0.02 0.07333333333333333
0 0.155 0.8325 0.02 0.08666666666666667
0 0.17666666666666667 0.8416666666666667 0.016666666666666666 0.07166666666666667
0 0.18083333333333335 0.9291666666666667 0.013333333333333334 0.055
0 0.19666666666666666 0.9225 0.013333333333333334 0.04833333333333333
0 0.22833333333333333 0.9266666666666666 0.013333333333333334 0.04666666666666667
0 0.2025 0.8358333333333333 0.018333333333333333 0.09
0 0.24916666666666668 0.8366666666666667 0.016666666666666666 0.07
0 0.26 0.925 0.013333333333333334 0.043333333333333335
0 0.2775 0.93 0.013333333333333334 0.05333333333333334
0 0.2925 0.9258333333333333 0.015 0.05333333333333334
0 0.3233333333333333 0.9108333333333334 0.011666666666666667 0.035
0 0.2708333333333333 0.8316666666666667 0.02 0.08666666666666667
0 0.2941666666666667 0.8291666666666667 0.02666666666666667 0.09666666666666666
0 0.31833333333333336 0.8116666666666666 0.023333333333333334 0.09666666666666666
0 0.3325 0.8191666666666667 0.011666666666666667 0.075
0 0.33 0.6025 0.018333333333333333 0.07666666666666666
0 0.31 0.6 0.016666666666666666 0.08166666666666667
0 0.29083333333333333 0.6008333333333333 0.016666666666666666 0.08
0 0.27 0.6041666666666666 0.02 0.085
0 0.2825 0.5141666666666667 0.018333333333333333 0.04833333333333333
0 0.2658333333333333 0.515 0.018333333333333333 0.05
0 0.24583333333333332 0.5158333333333334 0.018333333333333333 0.051666666666666666
0 0.22833333333333333 0.605 0.018333333333333333 0.09166666666666666
0 0.22583333333333333 0.5183333333333333 0.021666666666666667 0.056666666666666664
0 0.20833333333333334 0.61 0.02 0.09
0 0.18583333333333332 0.6175 0.02 0.08833333333333333
0 0.16333333333333333 0.6183333333333333 0.02 0.09666666666666666
0 0.14333333333333334 0.6116666666666667 0.02 0.08333333333333333
0 0.09666666666666666 0.62 0.02 0.10166666666666667
0 0.0775 0.6175 0.02 0.08833333333333333
0 0.05416666666666667 0.6191666666666666 0.018333333333333333 0.09833333333333333
0 0.034166666666666665 0.6241666666666666 0.02 0.09333333333333334
0 0.009166666666666667 0.6208333333333333 0.018333333333333333 0.095
0 0.20583333333333334 0.5175 0.018333333333333333 0.055
0 0.185 0.5166666666666667 0.016666666666666666 0.05333333333333334
0 0.16666666666666666 0.5208333333333334 0.02 0.06166666666666667
0 0.14666666666666667 0.5183333333333333 0.02 0.056666666666666664
0 0.12583333333333332 0.5183333333333333 0.018333333333333333 0.056666666666666664
0 0.10666666666666667 0.5216666666666666 0.02 0.06333333333333334
0 0.0875 0.5175 0.018333333333333333 0.055
0 0.06833333333333333 0.52 0.02 0.06
0 0.0475 0.5208333333333334 0.018333333333333333 0.06166666666666667
0 0.0275 0.5208333333333334 0.018333333333333333 0.06166666666666667
0 0.010833333333333334 0.5216666666666666 0.018333333333333333 0.06333333333333334
0 0.9583333333333334 0.8191666666666667 0.08 0.07166666666666667