0 0.7841666666666667 0.3416666666666667 0.32166666666666666 0.23333333333333334
0 0.07416666666666667 0.9083333333333333 0.14833333333333334 0.18
0 0.7233333333333334 0.6158333333333333 0.04833333333333333 0.021666666666666667
0 0.7533333333333333 0.5541666666666667 0.04833333333333333 0.02666666666666667
0 0.93 0.5158333333333334 0.04833333333333333 0.023333333333333334
0 0.8875 0.6991666666666667 0.04666666666666667 0.028333333333333332
0 0.78 0.7025 0.06 0.028333333333333332
0 0.8316666666666667 0.7483333333333333 0.045 0.025
0 0.4875 0.8008333333333333 0.041666666666666664 0.023333333333333334
0 0.5591666666666667 0.8875 0.051666666666666666 0.023333333333333334
0 0.7466666666666667 0.8716666666666667 0.04833333333333333 0.028333333333333332
0 0.88 0.8491666666666666 0.03666666666666667 0.03
0 0.6691666666666667 0.9108333333333334 0.04833333333333333 0.021666666666666667
0 0.7575 0.9666666666666667 0.02 0.028333333333333332
0 0.8225 0.8958333333333334 0.03333333333333333 0.03
0 0.8683333333333333 0.9908333333333333 0.056666666666666664 0.015
0 0.9125 0.93 0.03166666666666667 0.04
0 0.9908333333333333 0.9633333333333334 0.015 0.02666666666666667
0 0.9533333333333334 0.8641666666666666 0.023333333333333334 0.028333333333333332
0 0.9916666666666667 0.7225 0.013333333333333334 0.035