0 0.6816666666666666 0.30666666666666664 0.18333333333333332 0.08333333333333333
0 0.07 0.5366666666666666 0.04833333333333333 0.023333333333333334
0 0.115 0.4841666666666667 0.05 0.028333333333333332
0 0.29583333333333334 0.49333333333333335 0.04833333333333333 0.025
0 0.20666666666666667 0.66 0.04666666666666667 0.028333333333333332
0 0.1025 0.635 0.06 0.03
0 0.13916666666666666 0.6925 0.045 0.02666666666666667
0 0.025833333333333333 0.7891666666666667 0.05 0.03
0 0.16 0.8025 0.03666666666666667 0.03166666666666667
0 0.011666666666666667 0.8841666666666667 0.02 0.028333333333333332
0 0.09333333333333334 0.8325 0.03333333333333333 0.03
0 0.10916666666666666 0.9458333333333333 0.055 0.03333333333333333
0 0.17083333333333334 0.8891666666666667 0.03166666666666667 0.04
0 0.24166666666666667 0.9416666666666667 0.02 0.025
0 0.24916666666666668 0.9841666666666666 0.016666666666666666 0.02
0 0.22666666666666666 0.8358333333333333 0.023333333333333334 0.03
0 0.29 0.8775 0.02 0.025
0 0.31083333333333335 0.7116666666666667 0.03333333333333333 0.03333333333333333
0 0.3625 0.67 0.043333333333333335 0.021666666666666667
0 0.4716666666666667 0.7766666666666666 0.035 0.023333333333333334
0 0.3675 0.8516666666666667 0.02 0.025
0 0.4766666666666667 0.8458333333333333 0.03833333333333333 0.023333333333333334
0 0.3125 0.9308333333333333 0.02 0.023333333333333334
0 0.3858333333333333 0.9366666666666666 0.02 0.023333333333333334
0 0.45666666666666667 0.9266666666666666 0.02 0.025
0 0.47583333333333333 0.9783333333333334 0.028333333333333332 0.015
0 0.3258333333333333 0.985 0.02 0.021666666666666667
0 0.555 0.9866666666666667 0.051666666666666666 0.023333333333333334
0 0.705 0.61 0.23 0.13666666666666666