0 0.17833333333333334 0.20583333333333334 0.035 0.035
0 0.24916666666666668 0.21416666666666667 0.028333333333333332 0.035
0 0.24083333333333334 0.2475 0.025 0.025
0 0.38416666666666666 0.2733333333333333 0.03166666666666667 0.04
0 0.4083333333333333 0.23333333333333334 0.028333333333333332 0.03166666666666667
0 0.33416666666666667 0.09666666666666666 0.021666666666666667 0.03166666666666667
0 0.33416666666666667 0.13583333333333333 0.025 0.021666666666666667
0 0.3575 0.13333333333333333 0.02 0.021666666666666667
0 0.4191666666666667 0.1025 0.028333333333333332 0.03
0 0.43083333333333335 0.1425 0.025 0.03166666666666667
0 0.47583333333333333 0.1475 0.02666666666666667 0.03333333333333333
0 0.20166666666666666 0.07916666666666666 0.025 0.03166666666666667
0 0.19333333333333333 0.005 0.02 0.01
0 0.3616666666666667 0.014166666666666666 0.021666666666666667 0.025
0 0.37833333333333335 0.018333333333333333 0.018333333333333333 0.025
0 0.41833333333333333 0.02 0.02 0.025
0 0.44333333333333336 0.025 0.021666666666666667 0.02666666666666667
0 0.4608333333333333 0.025833333333333333 0.018333333333333333 0.018333333333333333
0 0.515 0.035833333333333335 0.006666666666666667 0.03166666666666667
0 0.7433333333333333 0.21 0.06166666666666667 0.10666666666666667
0 0.1325 0.8075 0.10666666666666667 0.16
0 0.5641666666666667 0.6966666666666667 0.08833333333333333 0.25