0 0.44666666666666666 0.008333333333333333 0.03666666666666667 0.016666666666666666
0 0.4608333333333333 0.1275 0.045 0.03166666666666667
0 0.44583333333333336 0.21 0.03833333333333333 0.021666666666666667
0 0.35583333333333333 0.15583333333333332 0.028333333333333332 0.02
0 0.235 0.025 0.015 0.01
0 0.20833333333333334 0.04083333333333333 0.051666666666666666 0.04
0 0.06416666666666666 0.045 0.041666666666666664 0.03833333333333333
0 0.05 0.004166666666666667 0.05333333333333334 0.008333333333333333
0 0.07416666666666667 0.27 0.03 0.021666666666666667
0 0.01 0.3383333333333333 0.02 0.03333333333333333
0 0.028333333333333332 0.4025 0.03166666666666667 0.021666666666666667
0 0.17833333333333334 0.24333333333333335 0.04 0.02666666666666667
0 0.2866666666666667 0.22833333333333333 0.05 0.03166666666666667
0 0.37 0.2825 0.03 0.02
0 0.2966666666666667 0.3 0.03166666666666667 0.021666666666666667
0 0.22 0.37 0.035 0.021666666666666667
0 0.30083333333333334 0.35583333333333333 0.043333333333333335 0.03
0 0.2916666666666667 0.4241666666666667 0.02666666666666667 0.023333333333333334
0 0.4 0.4141666666666667 0.035 0.023333333333333334
0 0.42 0.3425 0.03333333333333333 0.02666666666666667
0 0.4425 0.26416666666666666 0.028333333333333332 0.02
0 0.42333333333333334 0.4625 0.03333333333333333 0.011666666666666667
0 0.13333333333333333 0.4508333333333333 0.035 0.02
0 0.6683333333333333 0.8308333333333333 0.03833333333333333 0.03833333333333333
0 0.6008333333333333 0.8083333333333333 0.03166666666666667 0.03666666666666667
0 0.6158333333333333 0.7775 0.02666666666666667 0.02666666666666667
0 0.5133333333333333 0.8675 0.006666666666666667 0.025
0 0.62 0.95 0.028333333333333332 0.03333333333333333