0 0.7166666666666667 0.22166666666666668 0.3233333333333333 0.17833333333333334
0 0.14 0.8091666666666667 0.26 0.19166666666666668
0 0.9766666666666667 0.6225 0.03166666666666667 0.03666666666666667
0 0.9883333333333333 0.5908333333333333 0.02 0.028333333333333332
0 0.8583333333333333 0.5333333333333333 0.03666666666666667 0.043333333333333335
0 0.8258333333333333 0.5675 0.03166666666666667 0.035
0 0.8675 0.7175 0.025 0.03333333333333333
0 0.8758333333333334 0.6791666666666667 0.02666666666666667 0.023333333333333334
0 0.8525 0.6766666666666666 0.021666666666666667 0.023333333333333334
0 0.7858333333333334 0.6925 0.03166666666666667 0.03333333333333333
0 0.7833333333333333 0.6508333333333334 0.028333333333333332 0.03333333333333333
0 0.7408333333333333 0.6358333333333334 0.03 0.035
0 0.9883333333333333 0.7641666666666667 0.02 0.035
0 0.9816666666666667 0.8475 0.02 0.028333333333333332
0 0.8225 0.7908333333333334 0.023333333333333334 0.02666666666666667
0 0.7758333333333334 0.8075 0.023333333333333334 0.02666666666666667
0 0.8066666666666666 0.7833333333333333 0.02 0.02666666666666667
0 0.7675 0.7733333333333333 0.021666666666666667 0.02666666666666667
0 0.7591666666666667 0.8025 0.02 0.02
0 0.745 0.7625 0.023333333333333334 0.028333333333333332
0 0.7283333333333334 0.7575 0.02 0.02
0 0.6691666666666667 0.7341666666666666 0.025 0.03166666666666667
0 0.6516666666666666 0.7316666666666667 0.02666666666666667 0.02666666666666667
0 0.6291666666666667 0.725 0.023333333333333334 0.02666666666666667
0 0.6141666666666666 0.7191666666666666 0.018333333333333333 0.018333333333333333
0 0.6441666666666667 0.7625 0.016666666666666666 0.018333333333333333
0 0.5775 0.7433333333333333 0.041666666666666664 0.03666666666666667
0 0.56 0.8466666666666667 0.02 0.03666666666666667
0 0.5833333333333334 0.8716666666666667 0.023333333333333334 0.02
0 0.6108333333333333 0.8825 0.035 0.03166666666666667
0 0.6375 0.8841666666666667 0.023333333333333334 0.021666666666666667
0 0.6183333333333333 0.8991666666666667 0.021666666666666667 0.021666666666666667
0 0.6775 0.9116666666666666 0.025 0.02666666666666667
0 0.9658333333333333 0.9625 0.03 0.04666666666666667