0 0.38333333333333336 0.5633333333333334 0.18 0.05
0 0.6866666666666666 0.32416666666666666 0.19333333333333333 0.32166666666666666
0 0.7375 0.034166666666666665 0.20166666666666666 0.06833333333333333
0 0.7908333333333334 0.08083333333333333 0.21166666666666667 0.16166666666666665
0 0.8733333333333333 0.12166666666666667 0.23 0.24333333333333335
0 0.9633333333333334 0.285 0.07 0.30666666666666664
0 0.8091666666666667 0.4666666666666667 0.29833333333333334 0.24333333333333335
0 0.2683333333333333 0.83 0.38666666666666666 0.33666666666666667
0 0.935 0.645 0.12666666666666668 0.11
0 0.7675 0.89 0.15833333333333333 0.16666666666666666
0 0.8916666666666667 0.8633333333333333 0.15166666666666667 0.18166666666666667