0 0.25333333333333335 0.11333333333333333 0.018333333333333333 0.058333333333333334
0 0.22416666666666665 0.14 0.011666666666666667 0.035
0 0.21333333333333335 0.13916666666666666 0.015 0.04833333333333333
0 0.24416666666666667 0.17666666666666667 0.013333333333333334 0.03666666666666667
0 0.235 0.18083333333333335 0.013333333333333334 0.03666666666666667
0 0.21416666666666667 0.19583333333333333 0.015 0.045
0 0.20083333333333334 0.14416666666666667 0.018333333333333333 0.05
0 0.14083333333333334 0.1825 0.023333333333333334 0.05
0 0.125 0.195 0.018333333333333333 0.051666666666666666
0 0.14916666666666667 0.24166666666666667 0.018333333333333333 0.04833333333333333
0 0.1375 0.24666666666666667 0.015 0.041666666666666664
0 0.12166666666666667 0.2375 0.01 0.013333333333333334
0 0.11166666666666666 0.20416666666666666 0.015 0.045
0 0.0975 0.2175 0.013333333333333334 0.035
0 0.0875 0.22416666666666665 0.013333333333333334 0.035
0 0.0775 0.23 0.013333333333333334 0.04
0 0.07 0.23916666666666667 0.013333333333333334 0.03166666666666667
0 0.1125 0.26666666666666666 0.016666666666666666 0.045
0 0.10083333333333333 0.2708333333333333 0.01 0.025
0 0.09083333333333334 0.27666666666666667 0.011666666666666667 0.03333333333333333
0 0.08166666666666667 0.2825 0.015 0.04666666666666667
0 0.07083333333333333 0.2916666666666667 0.011666666666666667 0.03166666666666667
0 0.058333333333333334 0.2425 0.016666666666666666 0.045
0 0.0625 0.29583333333333334 0.01 0.03666666666666667
0 0.0475 0.24833333333333332 0.013333333333333334 0.03833333333333333
0 0.13083333333333333 0.38416666666666666 0.07333333333333333 0.07