0 0.3616666666666667 0.335 0.013333333333333334 0.03333333333333333
0 0.9316666666666666 0.07083333333333333 0.02 0.04833333333333333
0 0.7583333333333333 0.01 0.02666666666666667 0.02
0 0.48083333333333333 0.05583333333333333 0.025 0.018333333333333333
0 0.43916666666666665 0.0675 0.018333333333333333 0.016666666666666666
0 0.5841666666666666 0.0325 0.028333333333333332 0.021666666666666667
0 0.5483333333333333 0.09916666666666667 0.025 0.018333333333333333
0 0.7158333333333333 0.105 0.03166666666666667 0.03166666666666667
0 0.7616666666666667 0.1525 0.018333333333333333 0.041666666666666664
0 0.6641666666666667 0.2708333333333333 0.02 0.035
0 0.5808333333333333 0.17333333333333334 0.025 0.018333333333333333
0 0.5966666666666667 0.2816666666666667 0.02 0.03833333333333333
0 0.4975 0.12583333333333332 0.023333333333333334 0.018333333333333333
0 0.49833333333333335 0.19916666666666666 0.023333333333333334 0.018333333333333333
0 0.5141666666666667 0.26916666666666667 0.025 0.018333333333333333
0 0.46416666666666667 0.2925 0.013333333333333334 0.02666666666666667
0 0.44416666666666665 0.14333333333333334 0.021666666666666667 0.018333333333333333
0 0.405 0.15 0.023333333333333334 0.018333333333333333
0 0.3575 0.2 0.023333333333333334 0.04833333333333333
0 0.415 0.2525 0.025 0.043333333333333335
0 0.4166666666666667 0.3516666666666667 0.016666666666666666 0.04666666666666667
0 0.4633333333333333 0.3725 0.02 0.05
0 0.4083333333333333 0.415 0.01 0.006666666666666667
0 0.4 0.4125 0.01 0.011666666666666667
0 0.39166666666666666 0.41083333333333333 0.013333333333333334 0.015
0 0.365 0.4075 0.01 0.023333333333333334
0 0.35 0.39916666666666667 0.008333333333333333 0.021666666666666667
0 0.34 0.3975 0.01 0.03
0 0.3491666666666667 0.3233333333333333 0.016666666666666666 0.05
0 0.3375 0.31833333333333336 0.015 0.05333333333333334
0 0.9483333333333334 0.46416666666666667 0.1 0.08833333333333333
0 0.8975 0.6691666666666667 0.14666666666666667 0.08