0 0.3983333333333333 0.008333333333333333 0.02666666666666667 0.016666666666666666
0 0.3983333333333333 0.17166666666666666 0.021666666666666667 0.04833333333333333
0 0.2275 0.09166666666666666 0.02666666666666667 0.045
0 0.2475 0.008333333333333333 0.028333333333333332 0.016666666666666666
0 0.19166666666666668 0.02666666666666667 0.023333333333333334 0.045
0 0.0825 0.0525 0.03 0.035
0 0.008333333333333333 0.06916666666666667 0.016666666666666666 0.03166666666666667
0 0.0525 0.12166666666666667 0.028333333333333332 0.021666666666666667
0 0.014166666666666666 0.18666666666666668 0.025 0.018333333333333333
0 0.18083333333333335 0.19833333333333333 0.03333333333333333 0.03333333333333333
0 0.22583333333333333 0.2475 0.02 0.043333333333333335
0 0.12416666666666666 0.3625 0.021666666666666667 0.035
0 0.04416666666666667 0.26166666666666666 0.025 0.018333333333333333
0 0.05583333333333333 0.37083333333333335 0.021666666666666667 0.03833333333333333
0 0.6625 0.42 0.16833333333333333 0.056666666666666664
0 0.7966666666666666 0.295 0.18333333333333332 0.16833333333333333
0 0.4041666666666667 0.5 0.18833333333333332 0.1
0 0.69 0.705 0.09333333333333334 0.21166666666666667