0 0.005 0.10166666666666667 0.01 0.02
0 0.075 0.0325 0.03666666666666667 0.02
0 0.07416666666666667 0.09 0.01 0.005
0 0.085 0.0925 0.023333333333333334 0.011666666666666667
0 0.07583333333333334 0.20583333333333334 0.041666666666666664 0.02
0 0.01 0.23166666666666666 0.02 0.02
0 0.005833333333333334 0.2791666666666667 0.011666666666666667 0.021666666666666667
0 0.008333333333333333 0.35333333333333333 0.016666666666666666 0.013333333333333334
0 0.05583333333333333 0.32 0.02 0.011666666666666667
0 0.125 0.2775 0.04 0.023333333333333334
0 0.1575 0.3441666666666667 0.03333333333333333 0.02
0 0.19583333333333333 0.2425 0.04 0.025
0 0.24333333333333335 0.195 0.006666666666666667 0.006666666666666667
0 0.26416666666666666 0.19083333333333333 0.025 0.018333333333333333
0 0.3458333333333333 0.23 0.018333333333333333 0.013333333333333334
0 0.22833333333333333 0.32666666666666666 0.018333333333333333 0.013333333333333334
0 0.36583333333333334 0.3125 0.025 0.018333333333333333
0 0.16333333333333333 0.4166666666666667 0.018333333333333333 0.013333333333333334
0 0.013333333333333334 0.46 0.02666666666666667 0.016666666666666666
0 0.7275 0.23916666666666667 0.14666666666666667 0.15666666666666668
0 0.6991666666666667 0.5858333333333333 0.125 0.051666666666666666