0 0.21333333333333335 0.043333333333333335 0.13333333333333333 0.08666666666666667
0 0.8491666666666666 0.12416666666666666 0.29833333333333334 0.24833333333333332
0 0.6133333333333333 0.8191666666666667 0.02666666666666667 0.028333333333333332
0 0.6816666666666666 0.8591666666666666 0.025 0.02666666666666667
0 0.7725 0.8966666666666666 0.045 0.03
0 0.7625 0.8133333333333334 0.03833333333333333 0.021666666666666667
0 0.865 0.8383333333333334 0.028333333333333332 0.02
0 0.9933333333333333 0.7041666666666667 0.01 0.028333333333333332
0 0.91 0.7491666666666666 0.05 0.03166666666666667
0 0.815 0.7216666666666667 0.03 0.018333333333333333
0 0.8791666666666667 0.6833333333333333 0.03166666666666667 0.02
0 0.9325 0.5941666666666666 0.035 0.021666666666666667
0 0.8591666666666666 0.6316666666666667 0.043333333333333335 0.028333333333333332
0 0.8475 0.5633333333333334 0.02666666666666667 0.023333333333333334
0 0.7466666666666667 0.605 0.035 0.023333333333333334
0 0.7491666666666666 0.6791666666666667 0.03333333333333333 0.025
0 0.75 0.76 0.028333333333333332 0.02
0 0.7091666666666666 0.56 0.03 0.021666666666666667