0 0.0325 0.42 0.043333333333333335 0.03666666666666667
0 0.18 0.005 0.02666666666666667 0.01
0 0.7816666666666666 0.0075 0.07333333333333333 0.015
0 0.8933333333333333 0.0125 0.09166666666666666 0.023333333333333334
0 0.8433333333333334 0.0675 0.25333333333333335 0.058333333333333334
0 0.555 0.035833333333333335 0.055 0.018333333333333333
0 0.5483333333333333 0.07083333333333333 0.04666666666666667 0.011666666666666667
0 0.5308333333333334 0.10416666666666667 0.015 0.008333333333333333
0 0.5933333333333334 0.07583333333333334 0.04666666666666667 0.013333333333333334
0 0.5633333333333334 0.10333333333333333 0.06666666666666667 0.021666666666666667
0 0.5666666666666667 0.1325 0.011666666666666667 0.013333333333333334
0 0.6033333333333334 0.1375 0.065 0.018333333333333333
0 0.5216666666666666 0.12666666666666668 0.05 0.016666666666666666
0 0.4708333333333333 0.12166666666666667 0.035 0.013333333333333334
0 0.42583333333333334 0.11666666666666667 0.043333333333333335 0.01
0 0.8775 0.23583333333333334 0.03833333333333333 0.015
0 0.9591666666666666 0.25583333333333336 0.07833333333333334 0.04833333333333333
0 0.73 0.30666666666666664 0.03833333333333333 0.015
0 0.7308333333333333 0.32166666666666666 0.056666666666666664 0.015
0 0.185 0.9025 0.14833333333333334 0.07833333333333334
0 0.05 0.7783333333333333 0.1 0.09333333333333334
0 0.725 0.7566666666666667 0.305 0.17833333333333334