0 0.5108333333333334 0.0025 0.005 0.005
0 0.5158333333333334 0.015833333333333335 0.016666666666666666 0.03
0 0.55 0.09 0.005 0.01
0 0.5508333333333333 0.10083333333333333 0.01 0.021666666666666667
0 0.31333333333333335 0.041666666666666664 0.006666666666666667 0.006666666666666667
0 0.44 0.125 0.016666666666666666 0.041666666666666664
0 0.3933333333333333 0.059166666666666666 0.015 0.03833333333333333
0 0.3466666666666667 0.0675 0.016666666666666666 0.035
0 0.2816666666666667 0.03 0.013333333333333334 0.03166666666666667
0 0.2775 0.09833333333333333 0.008333333333333333 0.023333333333333334
0 0.325 0.14 0.01 0.018333333333333333
0 0.3858333333333333 0.19333333333333333 0.02 0.04
0 0.33166666666666667 0.24333333333333335 0.018333333333333333 0.03333333333333333
0 0.44083333333333335 0.25083333333333335 0.021666666666666667 0.03833333333333333
0 0.49916666666666665 0.2825 0.005 0.006666666666666667
0 0.5091666666666667 0.30083333333333334 0.015 0.025
0 0.49583333333333335 0.3908333333333333 0.011666666666666667 0.018333333333333333
0 0.36916666666666664 0.30666666666666664 0.011666666666666667 0.018333333333333333
0 0.4225 0.43333333333333335 0.015 0.025
0 0.26416666666666666 0.2708333333333333 0.011666666666666667 0.018333333333333333
0 0.17916666666666667 0.1375 0.013333333333333334 0.028333333333333332
0 0.058333333333333334 0.185 0.011666666666666667 0.018333333333333333
0 0.6733333333333333 0.4608333333333333 0.18666666666666668 0.035
0 0.8141666666666667 0.49416666666666664 0.15166666666666667 0.028333333333333332
0 0.885 0.5441666666666667 0.17 0.12833333333333333
0 0.7316666666666667 0.6608333333333334 0.15166666666666667 0.13333333333333333
0 0.8883333333333333 0.7183333333333334 0.16333333333333333 0.125