0 0.7533333333333333 0.1975 0.32666666666666666 0.26166666666666666
0 0.535 0.7716666666666666 0.04833333333333333 0.023333333333333334
0 0.49 0.8241666666666667 0.05 0.028333333333333332
0 0.30916666666666665 0.815 0.04833333333333333 0.025
0 0.3983333333333333 0.6483333333333333 0.04666666666666667 0.028333333333333332
0 0.5025 0.6733333333333333 0.06 0.03
0 0.4658333333333333 0.6158333333333333 0.045 0.02666666666666667
0 0.5708333333333333 0.5191666666666667 0.035 0.03166666666666667
0 0.445 0.5058333333333334 0.03666666666666667 0.03166666666666667
0 0.5116666666666667 0.47583333333333333 0.03333333333333333 0.03
0 0.435 0.435 0.03333333333333333 0.01
0 0.37833333333333335 0.4725 0.023333333333333334 0.03
0 0.31583333333333335 0.4375 0.021666666666666667 0.015
0 0.2941666666666667 0.5966666666666667 0.03333333333333333 0.03333333333333333
0 0.2425 0.6383333333333333 0.043333333333333335 0.021666666666666667
0 0.13333333333333333 0.5316666666666666 0.035 0.023333333333333334
0 0.2375 0.45666666666666667 0.02 0.025
0 0.12833333333333333 0.4625 0.03833333333333333 0.023333333333333334
0 0.7858333333333334 0.8691666666666666 0.17833333333333334 0.25833333333333336