0 0.39666666666666667 0.36083333333333334 0.013333333333333334 0.045
0 0.41083333333333333 0.36583333333333334 0.015 0.04666666666666667
0 0.425 0.37166666666666665 0.021666666666666667 0.055
0 0.5025 0.4041666666666667 0.016666666666666666 0.04833333333333333
0 0.41333333333333333 0.2841666666666667 0.04666666666666667 0.051666666666666666
0 0.45416666666666666 0.2975 0.021666666666666667 0.08166666666666667
0 0.4708333333333333 0.31 0.023333333333333334 0.075
0 0.49666666666666665 0.31416666666666665 0.025 0.08833333333333333
0 0.5175 0.32416666666666666 0.02 0.07166666666666667
0 0.5175 0.4125 0.016666666666666666 0.055
0 0.5333333333333333 0.4066666666666667 0.016666666666666666 0.04833333333333333
0 0.565 0.4125 0.015 0.04666666666666667
0 0.5441666666666667 0.32 0.023333333333333334 0.09166666666666666
0 0.5908333333333333 0.3233333333333333 0.02 0.07
0 0.5966666666666667 0.4125 0.015 0.043333333333333335
0 0.6141666666666666 0.41833333333333333 0.016666666666666666 0.05333333333333334
0 0.6291666666666667 0.415 0.018333333333333333 0.05333333333333334
0 0.6608333333333334 0.40166666666666667 0.013333333333333334 0.035
0 0.6125 0.31916666666666665 0.025 0.08833333333333333
0 0.6358333333333334 0.31833333333333336 0.03166666666666667 0.09833333333333333
0 0.6608333333333334 0.3016666666666667 0.028333333333333332 0.09833333333333333
0 0.6833333333333333 0.31 0.03 0.075
0 0.7033333333333334 0.30416666666666664 0.02666666666666667 0.07833333333333334
0 0.6925 0.39416666666666667 0.015 0.045
0 0.7058333333333333 0.39416666666666667 0.02 0.04833333333333333
0 0.7241666666666666 0.3908333333333333 0.018333333333333333 0.05
0 0.7375 0.38083333333333336 0.02 0.04833333333333333
0 0.7525 0.3775 0.023333333333333334 0.055
0 0.7675 0.36333333333333334 0.018333333333333333 0.043333333333333335
0 0.7241666666666666 0.30083333333333334 0.021666666666666667 0.06166666666666667
0 0.7591666666666667 0.2808333333333333 0.035 0.075
0 0.7783333333333333 0.2658333333333333 0.03166666666666667 0.08
0 0.7966666666666666 0.255 0.03166666666666667 0.06666666666666667
0 0.7991666666666667 0.345 0.021666666666666667 0.05333333333333334
0 0.8141666666666667 0.3383333333333333 0.023333333333333334 0.051666666666666666
0 0.8275 0.32166666666666666 0.018333333333333333 0.03666666666666667
0 0.8491666666666666 0.49166666666666664 0.028333333333333332 0.013333333333333334
0 0.8741666666666666 0.4725 0.03166666666666667 0.051666666666666666
0 0.8941666666666667 0.4716666666666667 0.035 0.05333333333333334
0 0.9166666666666666 0.45666666666666667 0.03333333333333333 0.07
0 0.9333333333333333 0.445 0.03333333333333333 0.06666666666666667
0 0.96 0.42333333333333334 0.025 0.04833333333333333
0 0.8158333333333333 0.24666666666666667 0.03 0.07166666666666667
0 0.8425 0.3125 0.021666666666666667 0.045
0 0.8333333333333334 0.22666666666666666 0.03 0.06833333333333333
0 0.8716666666666667 0.29 0.023333333333333334 0.045
0 0.9025 0.26666666666666666 0.02666666666666667 0.04833333333333333
0 0.855 0.22666666666666666 0.018333333333333333 0.021666666666666667
0 0.8666666666666667 0.19416666666666665 0.03333333333333333 0.051666666666666666
0 0.8858333333333334 0.18333333333333332 0.03 0.051666666666666666
0 0.7175 0.06416666666666666 0.02 0.05
0 0.7316666666666667 0.058333333333333334 0.02 0.04833333333333333
0 0.7458333333333333 0.05 0.018333333333333333 0.04666666666666667
0 0.7633333333333333 0.04 0.018333333333333333 0.04833333333333333
0 0.775 0.035 0.018333333333333333 0.045
0 0.7891666666666667 0.02666666666666667 0.018333333333333333 0.04666666666666667
0 0.8058333333333333 0.025 0.02 0.04833333333333333
0 0.7625 0.0016666666666666668 0.018333333333333333 0.0033333333333333335
0 0.7216666666666667 0.010833333333333334 0.03333333333333333 0.021666666666666667
0 0.7 0.07416666666666667 0.023333333333333334 0.058333333333333334
0 0.6833333333333333 0.09333333333333334 0.021666666666666667 0.07833333333333334
0 0.6633333333333333 0.09 0.021666666666666667 0.08166666666666667
0 0.6441666666666667 0.09 0.02 0.08
0 0.6233333333333333 0.0925 0.025 0.08666666666666667
0 0.6408333333333334 0.014166666666666666 0.021666666666666667 0.028333333333333332
0 0.6241666666666666 0.014166666666666666 0.021666666666666667 0.028333333333333332
0 0.6041666666666666 0.014166666666666666 0.021666666666666667 0.028333333333333332
0 0.5816666666666667 0.09083333333333334 0.023333333333333334 0.09333333333333334
0 0.5833333333333334 0.016666666666666666 0.02666666666666667 0.03333333333333333
0 0.5616666666666666 0.095 0.025 0.09166666666666666
0 0.5383333333333333 0.10083333333333333 0.025 0.09
0 0.5158333333333334 0.10083333333333333 0.025 0.09833333333333333
0 0.49666666666666665 0.09333333333333334 0.025 0.085
0 0.44916666666666666 0.09916666666666667 0.025 0.10333333333333333
0 0.43083333333333335 0.09583333333333334 0.025 0.09
0 0.4075 0.09583333333333334 0.023333333333333334 0.09833333333333333
0 0.395 0.1 0.01 0.09666666666666666
0 0.5641666666666667 0.015 0.021666666666666667 0.03
0 0.5433333333333333 0.013333333333333334 0.02 0.02666666666666667
0 0.5258333333333334 0.0175 0.025 0.035
0 0.5058333333333334 0.014166666666666666 0.025 0.028333333333333332
0 0.4841666666666667 0.013333333333333334 0.021666666666666667 0.02666666666666667
0 0.46416666666666667 0.016666666666666666 0.025 0.03333333333333333
0 0.44583333333333336 0.011666666666666667 0.021666666666666667 0.023333333333333334
0 0.4275 0.014166666666666666 0.025 0.028333333333333332
0 0.4058333333333333 0.014166666666666666 0.021666666666666667 0.028333333333333332
0 0.495 0.8358333333333333 0.21 0.325