0 0.014166666666666666 0.0225 0.023333333333333334 0.016666666666666666
0 0.1175 0.0025 0.028333333333333332 0.005
0 0.08416666666666667 0.06166666666666667 0.023333333333333334 0.016666666666666666
0 0.25166666666666665 0.059166666666666666 0.03 0.03
0 0.295 0.105 0.006666666666666667 0.043333333333333335
0 0.20916666666666667 0.2275 0.018333333333333333 0.03333333333333333
0 0.12083333333333333 0.13416666666666666 0.023333333333333334 0.016666666666666666
0 0.14166666666666666 0.24166666666666667 0.018333333333333333 0.03666666666666667
0 0.035 0.09083333333333334 0.021666666666666667 0.016666666666666666
0 0.03916666666666667 0.16416666666666666 0.021666666666666667 0.016666666666666666
0 0.059166666666666666 0.23333333333333334 0.023333333333333334 0.016666666666666666
0 0.01 0.25916666666666666 0.011666666666666667 0.02666666666666667
0 0.013333333333333334 0.33916666666666667 0.016666666666666666 0.05
0 0.8641666666666666 0.37666666666666665 0.2683333333333333 0.06
0 0.5958333333333333 0.825 0.2683333333333333 0.3466666666666667