0 0.0125 0.08416666666666667 0.025 0.015
0 0.07833333333333334 0.005 0.03666666666666667 0.01
0 0.08666666666666667 0.058333333333333334 0.01 0.0033333333333333335
0 0.0975 0.059166666666666666 0.021666666666666667 0.008333333333333333
0 0.010833333333333334 0.28833333333333333 0.006666666666666667 0.006666666666666667
0 0.10833333333333334 0.1725 0.04 0.013333333333333334
0 0.0375 0.21 0.03666666666666667 0.011666666666666667
0 0.04 0.2575 0.03333333333333333 0.013333333333333334
0 0.005833333333333334 0.3175 0.011666666666666667 0.011666666666666667
0 0.0625 0.33 0.023333333333333334 0.006666666666666667
0 0.10916666666666666 0.28833333333333333 0.018333333333333333 0.008333333333333333
0 0.17 0.23416666666666666 0.03833333333333333 0.016666666666666666
0 0.21333333333333335 0.2941666666666667 0.03166666666666667 0.015
0 0.15666666666666668 0.7075 0.021666666666666667 0.015
0 0.0575 0.7691666666666667 0.016666666666666666 0.02
0 0.23333333333333334 0.18666666666666668 0.03666666666666667 0.018333333333333333
0 0.27166666666666667 0.1325 0.006666666666666667 0.005
0 0.2916666666666667 0.125 0.023333333333333334 0.013333333333333334
0 0.37916666666666665 0.14833333333333334 0.016666666666666666 0.01
0 0.28 0.26416666666666666 0.016666666666666666 0.01
0 0.4125 0.22666666666666666 0.023333333333333334 0.013333333333333334
0 0.23166666666666666 0.3641666666666667 0.016666666666666666 0.01
0 0.08916666666666667 0.4325 0.02666666666666667 0.01
0 0.12166666666666667 0.5583333333333333 0.016666666666666666 0.01
0 0.45666666666666667 0.5741666666666667 0.04 0.023333333333333334
0 0.7533333333333333 0.6775 0.016666666666666666 0.013333333333333334
0 0.5083333333333333 0.6391666666666667 0.016666666666666666 0.011666666666666667