0 0.050833333333333335 0.015 0.05 0.02666666666666667
0 0.2808333333333333 0.0033333333333333335 0.051666666666666666 0.006666666666666667
0 0.17666666666666667 0.15 0.04666666666666667 0.03166666666666667
0 0.075 0.11666666666666667 0.06166666666666667 0.035
0 0.10666666666666667 0.17666666666666667 0.04666666666666667 0.03
0 0.005833333333333334 0.26416666666666666 0.011666666666666667 0.035
0 0.11833333333333333 0.28833333333333333 0.03833333333333333 0.03333333333333333
0 0.04833333333333333 0.3125 0.035 0.03333333333333333
0 0.05416666666666667 0.4266666666666667 0.056666666666666664 0.03833333333333333
0 0.12083333333333333 0.375 0.035 0.041666666666666664
0 0.18666666666666668 0.43416666666666665 0.021666666666666667 0.02666666666666667
0 0.19166666666666668 0.4716666666666667 0.02 0.013333333333333334
0 0.18166666666666667 0.3275 0.025 0.03
0 0.24083333333333334 0.375 0.021666666666666667 0.02666666666666667
0 0.2758333333333333 0.21083333333333334 0.03666666666666667 0.03666666666666667
0 0.3308333333333333 0.17416666666666666 0.045 0.025
0 0.43083333333333335 0.29 0.03666666666666667 0.025
0 0.32 0.355 0.021666666666666667 0.02666666666666667
0 0.42916666666666664 0.3591666666666667 0.04 0.02666666666666667
0 0.6275 0.27 0.021666666666666667 0.023333333333333334
0 0.25833333333333336 0.42916666666666664 0.021666666666666667 0.025
0 0.3308333333333333 0.44166666666666665 0.021666666666666667 0.025
0 0.4025 0.4375 0.021666666666666667 0.02666666666666667
0 0.2675 0.47583333333333333 0.021666666666666667 0.005
0 0.21083333333333334 0.6241666666666666 0.19833333333333333 0.12666666666666668
0 0.8991666666666667 0.7633333333333333 0.19833333333333333 0.22666666666666666