0 0.7475 0.545 0.265 0.18666666666666668
0 0.27 0.84 0.24333333333333335 0.31666666666666665
0 0.8483333333333334 0.6608333333333334 0.02666666666666667 0.041666666666666664
0 0.7316666666666667 0.7575 0.025 0.03666666666666667
0 0.6675 0.6491666666666667 0.028333333333333332 0.018333333333333333
0 0.6625 0.7558333333333334 0.02666666666666667 0.04
0 0.7525 0.9641666666666666 0.021666666666666667 0.041666666666666664
0 0.58 0.6575 0.025 0.021666666666666667
0 0.5841666666666666 0.7291666666666666 0.02666666666666667 0.021666666666666667
0 0.53 0.7433333333333333 0.016666666666666666 0.028333333333333332
0 0.49333333333333335 0.6958333333333333 0.02666666666666667 0.04833333333333333
0 0.48333333333333334 0.7933333333333333 0.006666666666666667 0.05
0 0.5158333333333334 0.8216666666666667 0.02666666666666667 0.051666666666666666
0 0.48333333333333334 0.8816666666666667 0.006666666666666667 0.04