0 0.43833333333333335 0.17666666666666667 0.08 0.045
0 0.42333333333333334 0.2025 0.105 0.056666666666666664
0 0.4 0.2175 0.08666666666666667 0.04833333333333333
0 0.385 0.23416666666666666 0.095 0.05333333333333334
0 0.3433333333333333 0.2683333333333333 0.075 0.045
0 0.3475 0.2916666666666667 0.10666666666666667 0.056666666666666664
0 0.31083333333333335 0.305 0.06833333333333333 0.03666666666666667
0 0.3125 0.3283333333333333 0.10333333333333333 0.056666666666666664
0 0.28 0.3425 0.07833333333333334 0.04
0 0.2758333333333333 0.3591666666666667 0.06166666666666667 0.03333333333333333
0 0.5783333333333334 0.2633333333333333 0.06666666666666667 0.03833333333333333
0 0.5641666666666667 0.29083333333333333 0.05 0.03
0 0.5383333333333333 0.31583333333333335 0.05333333333333334 0.03166666666666667
0 0.5283333333333333 0.3283333333333333 0.045 0.02666666666666667
0 0.5183333333333333 0.3425 0.04833333333333333 0.02666666666666667
0 0.5091666666666667 0.355 0.056666666666666664 0.03333333333333333
0 0.4575 0.4216666666666667 0.05 0.028333333333333332
0 0.6016666666666667 0.3491666666666667 0.06833333333333333 0.08666666666666667
0 0.5725 0.4025 0.08333333333333333 0.041666666666666664
0 0.5566666666666666 0.415 0.07666666666666666 0.041666666666666664
0 0.5458333333333333 0.43916666666666665 0.08833333333333333 0.045
0 0.5308333333333334 0.45666666666666667 0.07333333333333333 0.03833333333333333
0 0.44583333333333336 0.43416666666666665 0.056666666666666664 0.03
0 0.4475 0.4508333333333333 0.05 0.028333333333333332
0 0.2633333333333333 0.385 0.07166666666666667 0.03666666666666667
0 0.25583333333333336 0.4033333333333333 0.08833333333333333 0.045
0 0.25083333333333335 0.42833333333333334 0.07 0.035
0 0.26166666666666666 0.4533333333333333 0.10666666666666667 0.05
0 0.24083333333333334 0.4716666666666667 0.075 0.03833333333333333
0 0.22916666666666666 0.4891666666666667 0.065 0.035
0 0.25083333333333335 0.5191666666666667 0.10833333333333334 0.055
0 0.23083333333333333 0.5375 0.07333333333333333 0.04
0 0.43333333333333335 0.48 0.04833333333333333 0.02666666666666667
0 0.5283333333333333 0.48333333333333334 0.09166666666666666 0.045
0 0.5125 0.5275 0.07166666666666667 0.03666666666666667
0 0.42583333333333334 0.5108333333333334 0.045 0.02666666666666667
0 0.415 0.5258333333333334 0.055 0.028333333333333332
0 0.415 0.5408333333333334 0.055 0.03
0 0.4191666666666667 0.575 0.03666666666666667 0.021666666666666667
0 0.5108333333333334 0.55 0.08833333333333333 0.045
0 0.5058333333333334 0.5725 0.1 0.055
0 0.515 0.6008333333333333 0.09833333333333333 0.051666666666666666
0 0.5016666666666667 0.62 0.07833333333333334 0.04833333333333333
0 0.5025 0.6416666666666667 0.08 0.04666666666666667
0 0.23083333333333333 0.5658333333333333 0.06666666666666667 0.03666666666666667
0 0.41833333333333333 0.6083333333333333 0.04666666666666667 0.02666666666666667
0 0.4141666666666667 0.6208333333333333 0.051666666666666666 0.03
0 0.41333333333333333 0.6391666666666667 0.051666666666666666 0.03
0 0.245 0.6125 0.10166666666666667 0.056666666666666664
0 0.23666666666666666 0.6308333333333334 0.06666666666666667 0.03833333333333333
0 0.2425 0.6583333333333333 0.06 0.03666666666666667
0 0.24083333333333334 0.6708333333333333 0.085 0.03166666666666667
0 0.4191666666666667 0.655 0.051666666666666666 0.03
0 0.41833333333333333 0.67 0.056666666666666664 0.035
0 0.42916666666666664 0.68 0.04833333333333333 0.013333333333333334
0 0.5 0.6625 0.06333333333333334 0.03666666666666667
0 0.5108333333333334 0.68 0.08166666666666667 0.013333333333333334
0 0.9375 0.3233333333333333 0.12166666666666667 0.14666666666666667
0 0.9083333333333333 0.0925 0.18 0.13166666666666665
0 0.52 0.8608333333333333 0.045 0.043333333333333335
0 0.9283333333333333 0.7941666666666667 0.14 0.21166666666666667