0 0.051666666666666666 0.2733333333333333 0.10333333333333333 0.23333333333333334
0 0.58 0.38083333333333336 0.023333333333333334 0.095
0 0.5883333333333334 0.4025 0.03 0.051666666666666666
0 0.605 0.4075 0.02666666666666667 0.041666666666666664
0 0.5741666666666667 0.18833333333333332 0.011666666666666667 0.056666666666666664
0 0.6383333333333333 0.22833333333333333 0.02 0.05
0 0.5775 0.09833333333333333 0.018333333333333333 0.06
0 0.6016666666666667 0.1175 0.03 0.08333333333333333
0 0.6166666666666667 0.13166666666666665 0.03166666666666667 0.075
0 0.6416666666666667 0.13833333333333334 0.03333333333333333 0.08833333333333333
0 0.6616666666666666 0.15083333333333335 0.028333333333333332 0.07333333333333333
0 0.6525 0.2375 0.021666666666666667 0.056666666666666664
0 0.6691666666666667 0.23333333333333334 0.02 0.05
0 0.6325 0.4091666666666667 0.028333333333333332 0.03833333333333333
0 0.6525 0.4066666666666667 0.035 0.043333333333333335
0 0.6783333333333333 0.4125 0.02666666666666667 0.03166666666666667
0 0.7 0.395 0.03666666666666667 0.06666666666666667
0 0.7216666666666667 0.4125 0.03 0.03166666666666667
0 0.7408333333333333 0.4191666666666667 0.028333333333333332 0.018333333333333333
0 0.7675 0.3958333333333333 0.041666666666666664 0.065
0 0.7891666666666667 0.41333333333333333 0.03166666666666667 0.03
0 0.6991666666666667 0.2425 0.02 0.04833333333333333
0 0.6883333333333334 0.14916666666666667 0.03166666666666667 0.09166666666666666
0 0.7341666666666666 0.1575 0.02666666666666667 0.07166666666666667
0 0.7308333333333333 0.24583333333333332 0.02 0.045
0 0.7475 0.25416666666666665 0.021666666666666667 0.055
0 0.7633333333333333 0.25166666666666665 0.023333333333333334 0.055
0 0.7958333333333333 0.24166666666666667 0.016666666666666666 0.03666666666666667
0 0.7566666666666667 0.15583333333333332 0.03333333333333333 0.08833333333333333
0 0.78 0.15666666666666668 0.041666666666666664 0.1
0 0.8066666666666666 0.14333333333333334 0.03833333333333333 0.09833333333333333
0 0.8275 0.15333333333333332 0.03833333333333333 0.07666666666666666
0 0.8483333333333334 0.15 0.035 0.08
0 0.8158333333333333 0.4125 0.028333333333333332 0.03166666666666667
0 0.8283333333333334 0.23833333333333334 0.02 0.04666666666666667
0 0.8416666666666667 0.24 0.023333333333333334 0.05
0 0.86 0.2375 0.023333333333333334 0.051666666666666666
0 0.8608333333333333 0.3925 0.045 0.07166666666666667
0 0.8791666666666667 0.405 0.03166666666666667 0.04666666666666667
0 0.9066666666666666 0.40166666666666667 0.03 0.05333333333333334
0 0.9283333333333333 0.39416666666666667 0.04 0.06833333333333333
0 0.8741666666666666 0.23 0.023333333333333334 0.05
0 0.89 0.22833333333333333 0.028333333333333332 0.055
0 0.9066666666666666 0.21583333333333332 0.023333333333333334 0.045
0 0.87 0.14916666666666667 0.02666666666666667 0.06166666666666667
0 0.9058333333333334 0.13166666666666665 0.043333333333333335 0.07666666666666666
0 0.9275 0.11916666666666667 0.04 0.08166666666666667
0 0.9466666666666667 0.11083333333333334 0.03833333333333333 0.06833333333333333
0 0.9391666666666667 0.20083333333333334 0.02666666666666667 0.05333333333333334
0 0.955 0.19583333333333333 0.028333333333333332 0.05333333333333334
0 0.97 0.18 0.021666666666666667 0.03833333333333333
0 0.9566666666666667 0.38666666666666666 0.03 0.06833333333333333
0 0.9708333333333333 0.3725 0.03166666666666667 0.058333333333333334
0 0.9883333333333333 0.3475 0.02 0.07833333333333334
0 0.9658333333333333 0.10416666666666667 0.03666666666666667 0.07333333333333333
0 0.9858333333333333 0.1725 0.02666666666666667 0.04666666666666667
0 0.9825 0.0875 0.03166666666666667 0.07166666666666667
0 0.056666666666666664 0.4575 0.11333333333333333 0.055