0 0.6541666666666667 0.515 0.03 0.021666666666666667
0 0.64 0.37833333333333335 0.03666666666666667 0.025
0 0.69 0.30333333333333334 0.016666666666666666 0.023333333333333334
0 0.5366666666666666 0.30666666666666664 0.028333333333333332 0.02
0 0.6766666666666666 0.17833333333333334 0.006666666666666667 0.013333333333333334
0 0.6858333333333333 0.16666666666666666 0.025 0.02666666666666667
0 0.6016666666666667 0.205 0.043333333333333335 0.03333333333333333
0 0.5016666666666667 0.20416666666666666 0.03666666666666667 0.028333333333333332
0 0.515 0.06833333333333333 0.028333333333333332 0.023333333333333334
0 0.5725 0.034166666666666665 0.03 0.02666666666666667
0 0.6416666666666667 0.07166666666666667 0.023333333333333334 0.018333333333333333
0 0.6933333333333334 0.0425 0.01 0.018333333333333333
0 0.013333333333333334 0.22333333333333333 0.021666666666666667 0.015
0 0.8058333333333333 0.11916666666666667 0.21166666666666667 0.21166666666666667
0 0.38666666666666666 0.9508333333333333 0.07333333333333333 0.095
0 0.7041666666666667 0.6058333333333333 0.008333333333333333 0.03166666666666667