0 0.14583333333333334 0.31583333333333335 0.125 0.07833333333333334
0 0.92 0.6691666666666667 0.02 0.016666666666666666
0 0.9025 0.5475 0.028333333333333332 0.018333333333333333
0 0.9883333333333333 0.545 0.02 0.02
0 0.905 0.41 0.03333333333333333 0.021666666666666667
0 0.9708333333333333 0.3425 0.028333333333333332 0.018333333333333333
0 0.8116666666666666 0.32666666666666666 0.02666666666666667 0.018333333333333333
0 0.9658333333333333 0.21583333333333332 0.005 0.013333333333333334
0 0.98 0.20583333333333334 0.02666666666666667 0.023333333333333334
0 0.8883333333333333 0.23333333333333334 0.041666666666666664 0.028333333333333332
0 0.7891666666666667 0.22 0.03333333333333333 0.025
0 0.8191666666666667 0.0875 0.025 0.021666666666666667
0 0.8808333333333334 0.06 0.02666666666666667 0.025
0 0.945 0.10583333333333333 0.021666666666666667 0.015
0 0.04 0.9141666666666667 0.08 0.16833333333333333
0 0.8066666666666666 0.7075 0.09666666666666666 0.055