0 0.7125 0.23083333333333333 0.245 0.31166666666666665
0 0.86 0.13333333333333333 0.27666666666666667 0.26666666666666666
0 0.15416666666666667 0.9266666666666666 0.24833333333333332 0.14333333333333334
0 0.6366666666666667 0.51 0.006666666666666667 0.021666666666666667
0 0.6541666666666667 0.5091666666666667 0.006666666666666667 0.025
0 0.6783333333333333 0.5091666666666667 0.006666666666666667 0.023333333333333334
0 0.6875 0.5058333333333334 0.006666666666666667 0.03166666666666667
0 0.7025 0.5116666666666667 0.006666666666666667 0.021666666666666667
0 0.7108333333333333 0.5083333333333333 0.006666666666666667 0.03
0 0.7016666666666667 0.5466666666666666 0.006666666666666667 0.03
0 0.6925 0.7133333333333334 0.013333333333333334 0.056666666666666664
0 0.6858333333333333 0.7958333333333333 0.013333333333333334 0.07833333333333334
0 0.7933333333333333 0.9758333333333333 0.03333333333333333 0.045
0 0.8 0.9333333333333333 0.006666666666666667 0.006666666666666667
0 0.7966666666666666 0.9225 0.03666666666666667 0.02
0 0.7641666666666667 0.95 0.008333333333333333 0.008333333333333333
0 0.7641666666666667 0.9033333333333333 0.011666666666666667 0.08333333333333333
0 0.7941666666666667 0.8558333333333333 0.03 0.02
0 0.7825 0.79 0.006666666666666667 0.013333333333333334
0 0.7633333333333333 0.7883333333333333 0.015 0.065
0 0.7983333333333333 0.7666666666666667 0.035 0.02
0 0.7475 0.705 0.011666666666666667 0.06333333333333334
0 0.7275 0.545 0.006666666666666667 0.02666666666666667
0 0.7283333333333334 0.5091666666666667 0.006666666666666667 0.02666666666666667
0 0.7375 0.5075 0.008333333333333333 0.03166666666666667
0 0.7341666666666666 0.5433333333333333 0.006666666666666667 0.023333333333333334
0 0.7591666666666667 0.545 0.006666666666666667 0.023333333333333334
0 0.7766666666666666 0.5116666666666667 0.006666666666666667 0.02666666666666667
0 0.7591666666666667 0.5141666666666667 0.006666666666666667 0.023333333333333334
0 0.7758333333333334 0.5466666666666666 0.006666666666666667 0.02666666666666667
0 0.785 0.5458333333333333 0.006666666666666667 0.02666666666666667
0 0.8 0.5483333333333333 0.006666666666666667 0.02666666666666667
0 0.8091666666666667 0.5116666666666667 0.006666666666666667 0.02666666666666667
0 0.8333333333333334 0.5466666666666666 0.006666666666666667 0.02666666666666667
0 0.8483333333333334 0.5483333333333333 0.006666666666666667 0.02666666666666667
0 0.8583333333333333 0.56 0.008333333333333333 0.043333333333333335
0 0.8591666666666666 0.5125 0.006666666666666667 0.023333333333333334
0 0.8708333333333333 0.5625 0.013333333333333334 0.05333333333333334
0 0.895 0.565 0.011666666666666667 0.056666666666666664
0 0.8441666666666666 0.715 0.011666666666666667 0.06333333333333334
0 0.8783333333333333 0.765 0.05 0.018333333333333333
0 0.9008333333333334 0.7166666666666667 0.011666666666666667 0.05333333333333334
0 0.9216666666666666 0.5025 0.016666666666666666 0.045
0 0.9716666666666667 0.5041666666666667 0.013333333333333334 0.04833333333333333
0 0.9208333333333333 0.8191666666666667 0.018333333333333333 0.09
0 0.8966666666666666 0.9766666666666667 0.016666666666666666 0.043333333333333335
0 0.6058333333333333 0.7091666666666666 0.01 0.04666666666666667
0 0.6775 0.5458333333333333 0.006666666666666667 0.028333333333333332
0 0.6525 0.5416666666666666 0.01 0.03
0 0.6275 0.5441666666666667 0.01 0.03
0 0.5991666666666666 0.55 0.01 0.04
0 0.6491666666666667 0.7908333333333334 0.016666666666666666 0.065
0 0.6333333333333333 0.7875 0.015 0.08333333333333333