0 0.010833333333333334 0.059166666666666666 0.021666666666666667 0.03166666666666667
0 0.06916666666666667 0.23833333333333334 0.015 0.008333333333333333
0 0.07416666666666667 0.255 0.028333333333333332 0.03166666666666667
0 0.075 0.15916666666666668 0.03666666666666667 0.045
0 0.11666666666666667 0.06833333333333333 0.03166666666666667 0.03833333333333333
0 0.235 0.13583333333333333 0.025 0.03
0 0.24333333333333335 0.2025 0.03 0.03166666666666667
0 0.18083333333333335 0.25083333333333335 0.02 0.025
0 0.36833333333333335 0.26 0.021666666666666667 0.025
0 0.3958333333333333 0.19 0.018333333333333333 0.025
0 0.35833333333333334 0.1225 0.02666666666666667 0.03166666666666667
0 0.7875 0.24 0.14833333333333334 0.07666666666666666
0 0.3408333333333333 0.6833333333333333 0.14 0.11833333333333333
0 0.5775 0.5166666666666667 0.055 0.22666666666666666
0 0.6133333333333333 0.945 0.12666666666666668 0.10666666666666667