0 0.18 0.25916666666666666 0.04 0.08
0 0.21 0.25833333333333336 0.051666666666666666 0.105
0 0.235 0.26916666666666667 0.043333333333333335 0.08666666666666667
0 0.2575 0.2733333333333333 0.05 0.095
0 0.30833333333333335 0.2891666666666667 0.041666666666666664 0.075
0 0.3258333333333333 0.2725 0.05333333333333334 0.10666666666666667
0 0.3566666666666667 0.2966666666666667 0.03333333333333333 0.06833333333333333
0 0.37583333333333335 0.2816666666666667 0.051666666666666666 0.10333333333333333
0 0.39666666666666667 0.3016666666666667 0.02 0.08
0 0.17583333333333334 0.095 0.035 0.06666666666666667
0 0.2075 0.09166666666666666 0.028333333333333332 0.05
0 0.2425 0.09916666666666667 0.028333333333333332 0.05333333333333334
0 0.25833333333333336 0.10083333333333333 0.023333333333333334 0.045
0 0.2758333333333333 0.10166666666666667 0.025 0.04833333333333333
0 0.2916666666666667 0.1025 0.03166666666666667 0.056666666666666664
0 0.375 0.10916666666666666 0.025 0.05
0 0.23583333333333334 0.030833333333333334 0.08833333333333333 0.06166666666666667
0 0.29583333333333334 0.03333333333333333 0.03833333333333333 0.06666666666666667
0 0.31666666666666665 0.035 0.04 0.07
0 0.3416666666666667 0.035833333333333335 0.043333333333333335 0.07166666666666667
0 0.365 0.03333333333333333 0.03666666666666667 0.06666666666666667
0 0.39166666666666666 0.1125 0.02666666666666667 0.056666666666666664
0 0.39916666666666667 0.1025 0.015 0.051666666666666666
0 0.38666666666666666 0.0325 0.04 0.065
0 0.805 0.22416666666666665 0.22166666666666668 0.295
0 0.6191666666666666 0.62 0.2783333333333333 0.14