0 0.435 0.12 0.13 0.22333333333333333
0 0.18583333333333332 0.5041666666666667 0.051666666666666666 0.021666666666666667
0 0.18166666666666667 0.49 0.05 0.021666666666666667
0 0.17416666666666666 0.47583333333333333 0.04833333333333333 0.021666666666666667
0 0.16583333333333333 0.465 0.051666666666666666 0.01
0 0.11833333333333333 0.4633333333333333 0.02 0.006666666666666667
0 0.13083333333333333 0.49833333333333335 0.02666666666666667 0.03166666666666667
0 0.195 0.5225 0.058333333333333334 0.025
0 0.21416666666666667 0.54 0.07833333333333334 0.02666666666666667
0 0.20916666666666667 0.56 0.08333333333333333 0.025
0 0.20833333333333334 0.5791666666666667 0.08166666666666667 0.025
0 0.20916666666666667 0.6 0.08666666666666667 0.028333333333333332
0 0.11666666666666667 0.5775 0.058333333333333334 0.021666666666666667
0 0.11 0.595 0.06833333333333333 0.023333333333333334
0 0.10833333333333334 0.6133333333333333 0.07333333333333333 0.023333333333333334
0 0.20583333333333334 0.6416666666666667 0.09333333333333334 0.028333333333333332
0 0.105 0.6341666666666667 0.08333333333333333 0.028333333333333332
0 0.20916666666666667 0.6616666666666666 0.09166666666666666 0.03
0 0.21416666666666667 0.685 0.09 0.028333333333333332
0 0.2125 0.7075 0.09833333333333333 0.03
0 0.20333333333333334 0.7266666666666667 0.085 0.028333333333333332
0 0.2075 0.7741666666666667 0.10333333333333333 0.03
0 0.2025 0.7925 0.09 0.028333333333333332
0 0.20166666666666666 0.8166666666666667 0.1 0.028333333333333332
0 0.205 0.8366666666666667 0.095 0.03
0 0.19833333333333333 0.8633333333333333 0.095 0.03
0 0.20666666666666667 0.8841666666666667 0.11166666666666666 0.03166666666666667
0 0.105 0.6541666666666667 0.07833333333333334 0.025
0 0.10416666666666667 0.6741666666666667 0.07 0.021666666666666667
0 0.1 0.6925 0.09166666666666666 0.028333333333333332
0 0.09583333333333334 0.7133333333333334 0.085 0.02666666666666667
0 0.09916666666666667 0.7333333333333333 0.075 0.025
0 0.0975 0.7533333333333333 0.08666666666666667 0.02666666666666667
0 0.0925 0.7725 0.07833333333333334 0.025
0 0.0925 0.7916666666666666 0.085 0.02666666666666667
0 0.095 0.8116666666666666 0.07833333333333334 0.025
0 0.08916666666666667 0.8325 0.08333333333333333 0.025
0 0.09583333333333334 0.8491666666666666 0.07166666666666667 0.023333333333333334
0 0.09083333333333334 0.8741666666666666 0.075 0.028333333333333332
0 0.2 0.905 0.08833333333333333 0.02666666666666667
0 0.19416666666666665 0.9283333333333333 0.08833333333333333 0.028333333333333332
0 0.0775 0.8958333333333334 0.095 0.03
0 0.8741666666666666 0.5316666666666666 0.24833333333333332 0.14333333333333334