0 0.315 0.27166666666666667 0.44666666666666666 0.4266666666666667
0 0.8008333333333333 0.5691666666666667 0.08833333333333333 0.018333333333333333
0 0.8166666666666667 0.56 0.09666666666666666 0.03666666666666667
0 0.8591666666666666 0.5358333333333334 0.075 0.045
0 0.8541666666666666 0.5125 0.10666666666666667 0.058333333333333334
0 0.8916666666666667 0.49916666666666665 0.06833333333333333 0.03666666666666667
0 0.89 0.47583333333333333 0.10333333333333333 0.058333333333333334
0 0.9225 0.4625 0.07833333333333334 0.04
0 0.9275 0.44583333333333336 0.06166666666666667 0.03333333333333333
0 0.6233333333333333 0.5366666666666666 0.06666666666666667 0.04
0 0.6383333333333333 0.5091666666666667 0.05 0.03166666666666667
0 0.6641666666666667 0.485 0.05333333333333334 0.03166666666666667
0 0.6741666666666667 0.4725 0.045 0.02666666666666667
0 0.685 0.4583333333333333 0.04833333333333333 0.028333333333333332
0 0.6941666666666667 0.44583333333333336 0.056666666666666664 0.035
0 0.7466666666666667 0.38 0.05 0.028333333333333332
0 0.6016666666666667 0.45 0.06833333333333333 0.08833333333333333
0 0.6316666666666667 0.3975 0.08333333333333333 0.041666666666666664
0 0.6483333333333333 0.385 0.07666666666666666 0.043333333333333335
0 0.6591666666666667 0.3616666666666667 0.08833333333333333 0.04666666666666667
0 0.675 0.3441666666666667 0.07333333333333333 0.03833333333333333
0 0.7583333333333333 0.36833333333333335 0.056666666666666664 0.03
0 0.7575 0.35083333333333333 0.05 0.028333333333333332
0 0.9408333333333333 0.42083333333333334 0.07166666666666667 0.03833333333333333
0 0.9483333333333334 0.40166666666666667 0.08833333333333333 0.04666666666666667
0 0.9541666666666667 0.3775 0.07 0.03666666666666667
0 0.9433333333333334 0.3525 0.10666666666666667 0.051666666666666666
0 0.9625 0.33416666666666667 0.07166666666666667 0.041666666666666664
0 0.9708333333333333 0.3175 0.055 0.03833333333333333
0 0.9491666666666667 0.28583333333333333 0.09833333333333333 0.058333333333333334
0 0.9683333333333334 0.2683333333333333 0.06 0.043333333333333335
0 0.7716666666666666 0.3225 0.04833333333333333 0.028333333333333332
0 0.6775 0.3175 0.09166666666666666 0.04666666666666667
0 0.6933333333333334 0.2733333333333333 0.07166666666666667 0.03833333333333333
0 0.7808333333333334 0.2925 0.045 0.02666666666666667
0 0.7908333333333334 0.2775 0.055 0.03
0 0.7916666666666666 0.26166666666666666 0.055 0.03166666666666667
0 0.7875 0.2275 0.03666666666666667 0.021666666666666667
0 0.6958333333333333 0.25166666666666665 0.08833333333333333 0.04666666666666667
0 0.7008333333333333 0.22833333333333333 0.1 0.056666666666666664
0 0.6925 0.2 0.09833333333333333 0.05333333333333334
0 0.7058333333333333 0.18083333333333335 0.07833333333333334 0.04833333333333333
0 0.7058333333333333 0.16 0.08 0.04666666666666667
0 0.9708333333333333 0.24083333333333334 0.055 0.03833333333333333
0 0.7891666666666667 0.195 0.04666666666666667 0.02666666666666667
0 0.7941666666666667 0.18166666666666667 0.051666666666666666 0.03166666666666667
0 0.795 0.16416666666666666 0.051666666666666666 0.03
0 0.955 0.19333333333333333 0.08666666666666667 0.06
0 0.9683333333333334 0.17583333333333334 0.06 0.041666666666666664
0 0.9658333333333333 0.1475 0.06 0.03666666666666667
0 0.9625 0.12583333333333332 0.07166666666666667 0.051666666666666666
0 0.79 0.14833333333333334 0.051666666666666666 0.03166666666666667
0 0.7908333333333334 0.1325 0.056666666666666664 0.03666666666666667
0 0.7808333333333334 0.11416666666666667 0.04666666666666667 0.03
0 0.7091666666666666 0.13916666666666666 0.06333333333333334 0.03666666666666667
0 0.6983333333333334 0.1 0.08 0.05333333333333334
0 0.69 0.07666666666666666 0.08333333333333333 0.051666666666666666
0 0.685 0.056666666666666664 0.07 0.04833333333333333
0 0.7716666666666666 0.07916666666666666 0.055 0.03333333333333333
0 0.77 0.0625 0.05333333333333334 0.035
0 0.7575 0.045 0.04 0.028333333333333332
0 0.9583333333333334 0.09416666666666666 0.07 0.04
0 0.9466666666666667 0.0775 0.06 0.04
0 0.9266666666666666 0.04666666666666667 0.07833333333333334 0.04833333333333333
0 0.9308333333333333 0.02666666666666667 0.08 0.05333333333333334
0 0.9116666666666666 0.011666666666666667 0.07666666666666666 0.023333333333333334
0 0.6816666666666666 0.035833333333333335 0.075 0.04833333333333333
0 0.7525 0.028333333333333332 0.04666666666666667 0.03333333333333333
0 0.6683333333333333 0.019166666666666665 0.07333333333333333 0.03833333333333333
0 0.7383333333333333 0.006666666666666667 0.05 0.013333333333333334
0 0.675 0.0025 0.02666666666666667 0.005
0 0.09333333333333334 0.8816666666666667 0.18666666666666668 0.23333333333333334
0 0.9341666666666667 0.8175 0.12833333333333333 0.12166666666666667