0 0.135 0.08666666666666667 0.23 0.17333333333333334
0 0.2 0.8033333333333333 0.05 0.028333333333333332
0 0.14833333333333334 0.8483333333333334 0.05 0.03333333333333333
0 0.08166666666666667 0.6616666666666666 0.04833333333333333 0.035
0 0.18166666666666667 0.7008333333333333 0.06166666666666667 0.03666666666666667
0 0.1525 0.6391666666666667 0.04666666666666667 0.03166666666666667
0 0.2783333333333333 0.5591666666666667 0.051666666666666666 0.035
0 0.1475 0.5275 0.04 0.035
0 0.3541666666666667 0.5533333333333333 0.028333333333333332 0.03
0 0.21833333333333332 0.5066666666666667 0.03666666666666667 0.03333333333333333
0 0.08583333333333333 0.49583333333333335 0.028333333333333332 0.011666666666666667
0 0.7225 0.785 0.52 0.36666666666666664