0 0.7875 0.19166666666666668 0.2733333333333333 0.24833333333333332
0 0.31666666666666665 0.9883333333333333 0.035 0.018333333333333333
0 0.006666666666666667 0.6775 0.013333333333333334 0.035
0 0.0075 0.7633333333333333 0.015 0.043333333333333335
0 0.06166666666666667 0.8225 0.021666666666666667 0.02666666666666667
0 0.06583333333333333 0.865 0.018333333333333333 0.021666666666666667
0 0.056666666666666664 0.7158333333333333 0.025 0.03
0 0.11583333333333333 0.7633333333333333 0.021666666666666667 0.02666666666666667
0 0.15083333333333335 0.6091666666666666 0.03833333333333333 0.018333333333333333
0 0.30583333333333335 0.6783333333333333 0.03666666666666667 0.025
0 0.195 0.7433333333333333 0.021666666666666667 0.02666666666666667
0 0.30416666666666664 0.7475 0.04 0.02666666666666667
0 0.13333333333333333 0.8175 0.021666666666666667 0.025
0 0.20583333333333334 0.83 0.021666666666666667 0.025
0 0.2775 0.8258333333333333 0.021666666666666667 0.02666666666666667
0 0.2916666666666667 0.88 0.028333333333333332 0.016666666666666666
0 0.14166666666666666 0.8733333333333333 0.02 0.023333333333333334
0 0.14083333333333334 0.9133333333333333 0.021666666666666667 0.025
0 0.1825 0.9683333333333334 0.05 0.03166666666666667
0 0.24333333333333335 0.9208333333333333 0.04666666666666667 0.03166666666666667
0 0.3416666666666667 0.9366666666666666 0.04833333333333333 0.025
0 0.37 0.8941666666666667 0.051666666666666666 0.02666666666666667
0 0.42916666666666664 0.935 0.03833333333333333 0.02
0 0.4116666666666667 0.9575 0.025 0.011666666666666667
0 0.4058333333333333 0.9658333333333333 0.02666666666666667 0.011666666666666667
0 0.4083333333333333 0.9741666666666666 0.041666666666666664 0.018333333333333333
0 0.3883333333333333 0.9941666666666666 0.02666666666666667 0.008333333333333333
0 0.3016666666666667 0.9916666666666667 0.05333333333333334 0.013333333333333334
0 0.8616666666666667 0.9075 0.22333333333333333 0.18166666666666667