0 0.015833333333333335 0.06416666666666666 0.03166666666666667 0.12833333333333333
0 0.6158333333333333 0.18166666666666667 0.04666666666666667 0.03166666666666667
0 0.81 0.18916666666666668 0.14833333333333334 0.09833333333333333
0 0.08666666666666667 0.6533333333333333 0.17333333333333334 0.33
0 0.8333333333333334 0.6066666666666667 0.043333333333333335 0.021666666666666667
0 0.8391666666666666 0.595 0.045 0.023333333333333334
0 0.835 0.5808333333333333 0.056666666666666664 0.02666666666666667
0 0.7091666666666666 0.5375 0.06833333333333333 0.03333333333333333
0 0.6675 0.6291666666666667 0.028333333333333332 0.016666666666666666
0 0.6416666666666667 0.7 0.023333333333333334 0.013333333333333334
0 0.6383333333333333 0.7166666666666667 0.02666666666666667 0.013333333333333334
0 0.8008333333333333 0.7083333333333334 0.04666666666666667 0.023333333333333334
0 0.7841666666666667 0.7533333333333333 0.04666666666666667 0.023333333333333334
0 0.98 0.8641666666666666 0.03666666666666667 0.021666666666666667
0 0.775 0.7758333333333334 0.04666666666666667 0.023333333333333334
0 0.7616666666666667 0.82 0.04666666666666667 0.023333333333333334
0 0.6308333333333334 0.74 0.025 0.013333333333333334
0 0.6308333333333334 0.75 0.03166666666666667 0.016666666666666666
0 0.6216666666666667 0.7633333333333333 0.023333333333333334 0.013333333333333334
0 0.6225 0.7716666666666666 0.03 0.015
0 0.5883333333333334 0.7516666666666667 0.03 0.015
0 0.43166666666666664 0.6941666666666667 0.056666666666666664 0.028333333333333332
0 0.3541666666666667 0.6633333333333333 0.07833333333333334 0.035
0 0.33166666666666667 0.7575 0.015 0.01
0 0.33916666666666667 0.74 0.06666666666666667 0.03333333333333333
0 0.35 0.78 0.03 0.04
0 0.42333333333333334 0.75 0.06333333333333334 0.028333333333333332
0 0.5816666666666667 0.7766666666666666 0.02666666666666667 0.015
0 0.6158333333333333 0.7875 0.02666666666666667 0.015
0 0.615 0.7966666666666666 0.03333333333333333 0.018333333333333333
0 0.5816666666666667 0.7833333333333333 0.025 0.013333333333333334
0 0.5733333333333334 0.8075 0.025 0.013333333333333334
0 0.5991666666666666 0.8341666666666666 0.02666666666666667 0.015
0 0.6025 0.8166666666666667 0.025 0.013333333333333334
0 0.5666666666666667 0.8225 0.02666666666666667 0.015
0 0.5641666666666667 0.8316666666666667 0.02666666666666667 0.015
0 0.5583333333333333 0.845 0.02666666666666667 0.015
0 0.7516666666666667 0.8425 0.051666666666666666 0.025
0 0.7975 0.86 0.01 0.008333333333333333
0 0.8058333333333333 0.8725 0.04666666666666667 0.021666666666666667
0 0.7433333333333333 0.8891666666666667 0.04 0.02
0 0.7891666666666667 0.8883333333333333 0.025 0.013333333333333334
0 0.7941666666666667 0.9058333333333334 0.043333333333333335 0.021666666666666667
0 0.7908333333333334 0.9166666666666666 0.045 0.023333333333333334
0 0.7225 0.9316666666666666 0.04833333333333333 0.025
0 0.7241666666666666 0.9433333333333334 0.045 0.023333333333333334
0 0.715 0.9658333333333333 0.04666666666666667 0.023333333333333334
0 0.7075 0.9875 0.04833333333333333 0.021666666666666667
0 0.59 0.8641666666666666 0.02666666666666667 0.015
0 0.5491666666666667 0.8775 0.02666666666666667 0.015
0 0.5441666666666667 0.8916666666666667 0.02666666666666667 0.015
0 0.53 0.8975 0.043333333333333335 0.021666666666666667
0 0.575 0.9116666666666666 0.025 0.013333333333333334
0 0.5233333333333333 0.9091666666666667 0.055 0.028333333333333332
0 0.5141666666666667 0.9316666666666666 0.056666666666666664 0.02666666666666667
0 0.3858333333333333 0.8391666666666666 0.06333333333333334 0.028333333333333332
0 0.3275 0.8566666666666667 0.03166666666666667 0.05333333333333334
0 0.3675 0.8925 0.05333333333333334 0.02666666666666667
0 0.5716666666666667 0.9766666666666667 0.055 0.028333333333333332
0 0.3 0.8825 0.02 0.045
0 0.3233333333333333 0.9916666666666667 0.03666666666666667 0.013333333333333334
0 0.8908333333333334 0.9916666666666667 0.028333333333333332 0.013333333333333334
0 0.9416666666666667 0.9925 0.043333333333333335 0.011666666666666667
0 0.89 0.98 0.045 0.023333333333333334
0 0.895 0.97 0.04 0.02
0 0.9475 0.9766666666666667 0.043333333333333335 0.021666666666666667
0 0.95 0.9658333333333333 0.03666666666666667 0.02
0 0.895 0.9591666666666666 0.045 0.023333333333333334
0 0.9016666666666666 0.95 0.03666666666666667 0.018333333333333333
0 0.9025 0.9383333333333334 0.045 0.023333333333333334
0 0.9091666666666667 0.9316666666666666 0.03833333333333333 0.021666666666666667
0 0.9116666666666666 0.9183333333333333 0.04666666666666667 0.023333333333333334
0 0.9158333333333334 0.9091666666666667 0.03833333333333333 0.02
0 0.9583333333333334 0.9333333333333333 0.03333333333333333 0.018333333333333333
0 0.9633333333333334 0.9116666666666666 0.02666666666666667 0.015
0 0.9208333333333333 0.8991666666666667 0.035 0.018333333333333333
0 0.9225 0.8875 0.03666666666666667 0.02
0 0.9241666666666667 0.8766666666666667 0.045 0.023333333333333334
0 0.9266666666666666 0.8675 0.043333333333333335 0.021666666666666667
0 0.9366666666666666 0.85 0.03666666666666667 0.018333333333333333
0 0.9366666666666666 0.8366666666666667 0.045 0.023333333333333334
0 0.985 0.8433333333333334 0.02666666666666667 0.016666666666666666
0 0.9458333333333333 0.8191666666666667 0.03166666666666667 0.016666666666666666
0 0.9908333333333333 0.8158333333333333 0.015 0.018333333333333333
0 0.9583333333333334 0.78 0.03666666666666667 0.018333333333333333
0 0.9625 0.77 0.025 0.013333333333333334
0 0.9925 0.7875 0.011666666666666667 0.025
0 0.9741666666666666 0.7308333333333333 0.03166666666666667 0.016666666666666666
0 0.9833333333333333 0.7241666666666666 0.02666666666666667 0.013333333333333334
0 0.9783333333333334 0.7133333333333334 0.04 0.023333333333333334
0 0.9825 0.6925 0.03166666666666667 0.021666666666666667
0 0.9833333333333333 0.68 0.03 0.02
0 0.8691666666666666 0.5583333333333333 0.008333333333333333 0.005
0 0.85 0.5608333333333333 0.041666666666666664 0.021666666666666667
0 0.85 0.5491666666666667 0.04666666666666667 0.023333333333333334
0 0.8541666666666666 0.5375 0.04666666666666667 0.023333333333333334
0 0.9116666666666666 0.5575 0.04666666666666667 0.025
0 0.9875 0.6625 0.021666666666666667 0.018333333333333333
0 0.9875 0.6408333333333334 0.021666666666666667 0.025
0 0.4608333333333333 0.6133333333333333 0.04666666666666667 0.023333333333333334
0 0.5958333333333333 0.7283333333333334 0.028333333333333332 0.015
0 0.6075 0.7058333333333333 0.03166666666666667 0.018333333333333333
0 0.6125 0.6816666666666666 0.03166666666666667 0.018333333333333333
0 0.615 0.6525 0.041666666666666664 0.021666666666666667
0 0.6291666666666667 0.5908333333333333 0.051666666666666666 0.02666666666666667
0 0.645 0.5725 0.03833333333333333 0.021666666666666667
0 0.6391666666666667 0.5408333333333334 0.058333333333333334 0.03
0 0.37 0.63 0.06666666666666667 0.035
0 0.3775 0.6158333333333333 0.08333333333333333 0.03833333333333333
0 0.4825 0.49166666666666664 0.06833333333333333 0.051666666666666666
0 0.6058333333333333 0.45666666666666667 0.065 0.05
0 0.6941666666666667 0.44 0.04833333333333333 0.02