0 0.2866666666666667 0.5908333333333333 0.021666666666666667 0.02
0 0.25666666666666665 0.4716666666666667 0.03 0.02
0 0.34 0.4608333333333333 0.016666666666666666 0.021666666666666667
0 0.3425 0.33916666666666667 0.011666666666666667 0.021666666666666667
0 0.245 0.33416666666666667 0.035 0.025
0 0.30333333333333334 0.2608333333333333 0.03 0.02
0 0.1425 0.26166666666666666 0.028333333333333332 0.02
0 0.285 0.135 0.006666666666666667 0.013333333333333334
0 0.2975 0.12416666666666666 0.03 0.025
0 0.20916666666666667 0.16083333333333333 0.043333333333333335 0.03166666666666667
0 0.11 0.15833333333333333 0.03666666666666667 0.028333333333333332
0 0.125 0.023333333333333334 0.028333333333333332 0.023333333333333334
0 0.2525 0.028333333333333332 0.023333333333333334 0.018333333333333333
0 0.31 0.004166666666666667 0.023333333333333334 0.008333333333333333
0 0.955 0.5116666666666667 0.08666666666666667 0.21333333333333335
0 0.5266666666666666 0.49 0.12833333333333333 0.22833333333333333
0 0.15583333333333332 0.8558333333333333 0.31166666666666665 0.175
0 0.7433333333333333 0.9033333333333333 0.14 0.19