0 0.475 0.295 0.18333333333333332 0.33666666666666667
0 0.3475 0.7325 0.04 0.04
0 0.41833333333333333 0.7275 0.03333333333333333 0.03833333333333333
0 0.4166666666666667 0.7625 0.028333333333333332 0.028333333333333332
0 0.5541666666666667 0.7641666666666667 0.025 0.045
0 0.4816666666666667 0.5975 0.02666666666666667 0.03333333333333333
0 0.4891666666666667 0.6366666666666667 0.02666666666666667 0.025
0 0.5116666666666667 0.6291666666666667 0.021666666666666667 0.023333333333333334
0 0.5583333333333333 0.5891666666666666 0.016666666666666666 0.035
0 0.028333333333333332 0.6616666666666666 0.03666666666666667 0.04
0 0.08083333333333333 0.6208333333333333 0.03 0.035
0 0.34833333333333333 0.6041666666666666 0.03 0.035
0 0.3258333333333333 0.5225 0.021666666666666667 0.028333333333333332
0 0.49416666666666664 0.5116666666666667 0.025 0.02666666666666667
0 0.53 0.4816666666666667 0.02666666666666667 0.023333333333333334
0 0.5116666666666667 0.5133333333333333 0.021666666666666667 0.02666666666666667
0 0.5516666666666666 0.5075 0.023333333333333334 0.02666666666666667
0 0.5491666666666667 0.4791666666666667 0.021666666666666667 0.018333333333333333