0 0.1075 0.5 0.165 0.11666666666666667
0 0.7316666666666667 0.25583333333333336 0.38666666666666666 0.22666666666666666
0 0.15833333333333333 0.9933333333333333 0.09333333333333334 0.01
0 0.17333333333333334 0.9683333333333334 0.07166666666666667 0.03833333333333333
0 0.26166666666666666 0.9858333333333333 0.04666666666666667 0.025
0 0.2708333333333333 0.9725 0.055 0.03
0 0.27166666666666667 0.9566666666666667 0.055 0.03166666666666667
0 0.2675 0.9225 0.03666666666666667 0.021666666666666667
0 0.17583333333333334 0.9466666666666667 0.08833333333333333 0.04666666666666667
0 0.18083333333333335 0.9233333333333333 0.1 0.056666666666666664
0 0.1725 0.895 0.09833333333333333 0.05333333333333334
0 0.18583333333333332 0.8758333333333334 0.07833333333333334 0.04833333333333333
0 0.18583333333333332 0.855 0.08 0.04666666666666667
0 0.26916666666666667 0.89 0.04666666666666667 0.02666666666666667
0 0.27416666666666667 0.8766666666666667 0.051666666666666666 0.03166666666666667
0 0.275 0.8591666666666666 0.051666666666666666 0.03
0 0.27 0.8433333333333334 0.051666666666666666 0.03166666666666667
0 0.2708333333333333 0.8275 0.056666666666666664 0.03666666666666667
0 0.2608333333333333 0.8091666666666667 0.04666666666666667 0.03
0 0.18916666666666668 0.8341666666666666 0.06333333333333334 0.03666666666666667
0 0.17833333333333334 0.795 0.08 0.05333333333333334
0 0.17 0.7716666666666666 0.08333333333333333 0.051666666666666666
0 0.165 0.7516666666666667 0.07 0.04833333333333333
0 0.25166666666666665 0.7741666666666667 0.055 0.03333333333333333
0 0.25 0.7575 0.05333333333333334 0.035
0 0.2375 0.74 0.04 0.028333333333333332
0 0.16166666666666665 0.7308333333333333 0.075 0.04833333333333333
0 0.2325 0.7233333333333334 0.04666666666666667 0.03333333333333333
0 0.1475 0.7083333333333334 0.07166666666666667 0.04666666666666667
0 0.21833333333333332 0.6891666666666667 0.04833333333333333 0.035
0 0.20416666666666666 0.6533333333333333 0.051666666666666666 0.03833333333333333
0 0.15416666666666667 0.6875 0.025 0.021666666666666667
0 0.12583333333333332 0.6675 0.056666666666666664 0.045
0 0.12083333333333333 0.6466666666666666 0.056666666666666664 0.041666666666666664
0 0.009166666666666667 0.8166666666666667 0.018333333333333333 0.043333333333333335