0 0.14916666666666667 0.155 0.18166666666666667 0.2816666666666667
0 0.10916666666666666 0.6733333333333333 0.016666666666666666 0.043333333333333335
0 0.09583333333333334 0.6741666666666667 0.016666666666666666 0.045
0 0.08583333333333333 0.6841666666666667 0.018333333333333333 0.058333333333333334
0 0.10416666666666667 0.815 0.023333333333333334 0.06833333333333333
0 0.20416666666666666 0.8108333333333333 0.011666666666666667 0.028333333333333332
0 0.2791666666666667 0.8016666666666666 0.01 0.021666666666666667
0 0.29583333333333334 0.7975 0.01 0.025
0 0.21416666666666667 0.6566666666666666 0.016666666666666666 0.04666666666666667
0 0.26166666666666666 0.6508333333333334 0.016666666666666666 0.04833333333333333
0 0.2708333333333333 0.425 0.015 0.04
0 0.28583333333333333 0.6491666666666667 0.016666666666666666 0.04833333333333333
0 0.33166666666666667 0.6408333333333334 0.016666666666666666 0.04833333333333333
0 0.32 0.7933333333333333 0.01 0.023333333333333334
0 0.3283333333333333 0.7891666666666667 0.011666666666666667 0.03166666666666667
0 0.345 0.7916666666666666 0.01 0.021666666666666667
0 0.3516666666666667 0.7866666666666666 0.011666666666666667 0.03
0 0.3491666666666667 0.8258333333333333 0.011666666666666667 0.03
0 0.37083333333333335 0.98 0.021666666666666667 0.03666666666666667
0 0.4225 0.97 0.021666666666666667 0.056666666666666664
0 0.375 0.82 0.01 0.02666666666666667
0 0.36916666666666664 0.785 0.01 0.02666666666666667
0 0.3775 0.7816666666666666 0.013333333333333334 0.03333333333333333
0 0.38083333333333336 0.8175 0.01 0.023333333333333334
0 0.4058333333333333 0.815 0.01 0.023333333333333334
0 0.4175 0.7791666666666667 0.01 0.02666666666666667
0 0.4008333333333333 0.7841666666666667 0.01 0.023333333333333334
0 0.4225 0.8133333333333334 0.01 0.02666666666666667
0 0.43166666666666664 0.8116666666666666 0.01 0.02666666666666667
0 0.44666666666666666 0.8108333333333333 0.01 0.02666666666666667
0 0.35583333333333333 0.6391666666666667 0.018333333333333333 0.05333333333333334
0 0.35083333333333333 0.5908333333333333 0.008333333333333333 0.01
0 0.35833333333333334 0.5775 0.015 0.04666666666666667
0 0.4008333333333333 0.6258333333333334 0.015 0.04
0 0.38 0.585 0.01 0.023333333333333334
0 0.3933333333333333 0.5725 0.015 0.043333333333333335
0 0.4041666666666667 0.5708333333333333 0.016666666666666666 0.045
0 0.49583333333333335 0.55 0.02 0.055
0 0.44916666666666666 0.625 0.016666666666666666 0.05
0 0.4583333333333333 0.6183333333333333 0.016666666666666666 0.045
0 0.4825 0.6158333333333333 0.016666666666666666 0.04666666666666667
0 0.5075 0.6125 0.016666666666666666 0.04833333333333333
0 0.44916666666666666 0.7733333333333333 0.01 0.02666666666666667
0 0.4791666666666667 0.8041666666666667 0.01 0.02666666666666667
0 0.49416666666666664 0.8025 0.01 0.02666666666666667
0 0.5058333333333334 0.8125 0.015 0.043333333333333335
0 0.49833333333333335 0.765 0.01 0.023333333333333334
0 0.5191666666666667 0.8125 0.02 0.055
0 0.5433333333333333 0.8108333333333333 0.018333333333333333 0.058333333333333334
0 0.5191666666666667 0.9666666666666667 0.02 0.06333333333333334
0 0.575 0.9591666666666666 0.018333333333333333 0.055
0 0.5575 0.7391666666666666 0.021666666666666667 0.055
0 0.53 0.6125 0.018333333333333333 0.04833333333333333
0 0.5316666666666666 0.5491666666666667 0.016666666666666666 0.045
0 0.5408333333333334 0.6033333333333334 0.013333333333333334 0.03833333333333333
0 0.5516666666666666 0.6033333333333334 0.016666666666666666 0.043333333333333335
0 0.5558333333333333 0.5458333333333333 0.016666666666666666 0.04833333333333333
0 0.5666666666666667 0.5433333333333333 0.016666666666666666 0.045
0 0.6066666666666667 0.7341666666666666 0.018333333333333333 0.055
0 0.6516666666666666 0.7925 0.02 0.055
0 0.6541666666666667 0.7283333333333334 0.016666666666666666 0.04833333333333333
0 0.5991666666666666 0.5975 0.016666666666666666 0.05
0 0.6116666666666667 0.5908333333333333 0.015 0.03666666666666667
0 0.6341666666666667 0.5933333333333334 0.018333333333333333 0.051666666666666666
0 0.6575 0.595 0.021666666666666667 0.06166666666666667
0 0.6783333333333333 0.7216666666666667 0.02 0.058333333333333334
0 0.6891666666666667 0.79 0.018333333333333333 0.058333333333333334
0 0.6866666666666666 0.9525 0.013333333333333334 0.035
0 0.6983333333333334 0.955 0.011666666666666667 0.03
0 0.6925 0.9875 0.03166666666666667 0.021666666666666667
0 0.7033333333333334 0.9333333333333333 0.01 0.06666666666666667
0 0.7066666666666667 0.8333333333333334 0.0033333333333333335 0.016666666666666666
0 0.7033333333333334 0.7866666666666666 0.01 0.016666666666666666
0 0.7025 0.7733333333333333 0.011666666666666667 0.013333333333333334
0 0.7025 0.7591666666666667 0.011666666666666667 0.015
0 0.7008333333333333 0.7458333333333333 0.015 0.015
0 0.7025 0.7216666666666667 0.011666666666666667 0.013333333333333334
0 0.6975 0.7133333333333334 0.023333333333333334 0.015
0 0.695 0.6883333333333334 0.021666666666666667 0.016666666666666666
0 0.6908333333333333 0.6741666666666667 0.018333333333333333 0.013333333333333334
0 0.6875 0.6466666666666666 0.018333333333333333 0.013333333333333334
0 0.6825 0.6058333333333333 0.018333333333333333 0.015
0 0.6775 0.59 0.018333333333333333 0.015
0 0.6683333333333333 0.5375 0.013333333333333334 0.011666666666666667
0 0.6583333333333333 0.4575 0.015 0.013333333333333334
0 0.6475 0.39166666666666666 0.016666666666666666 0.013333333333333334
0 0.6325 0.415 0.01 0.02666666666666667
0 0.6233333333333333 0.42333333333333334 0.013333333333333334 0.04
0 0.6133333333333333 0.37583333333333335 0.02 0.03166666666666667
0 0.6033333333333334 0.37583333333333335 0.013333333333333334 0.03166666666666667
0 0.5933333333333334 0.37666666666666665 0.013333333333333334 0.03333333333333333
0 0.5816666666666667 0.375 0.013333333333333334 0.03
0 0.6 0.4216666666666667 0.011666666666666667 0.03333333333333333
0 0.5891666666666666 0.42333333333333334 0.011666666666666667 0.03
0 0.5808333333333333 0.4275 0.015 0.043333333333333335
0 0.5758333333333333 0.3875 0.005 0.011666666666666667
0 0.495 0.4066666666666667 0.008333333333333333 0.008333333333333333
0 0.5708333333333333 0.37583333333333335 0.011666666666666667 0.03
0 0.5683333333333334 0.42833333333333334 0.016666666666666666 0.043333333333333335
0 0.5616666666666666 0.3775 0.011666666666666667 0.028333333333333332
0 0.5425 0.38333333333333336 0.013333333333333334 0.035
0 0.5483333333333333 0.42583333333333334 0.013333333333333334 0.03333333333333333
0 0.5391666666666667 0.4325 0.016666666666666666 0.041666666666666664
0 0.5308333333333334 0.38416666666666666 0.013333333333333334 0.035
0 0.5283333333333333 0.42916666666666664 0.01 0.023333333333333334
0 0.5175 0.43166666666666664 0.011666666666666667 0.03
0 0.5116666666666667 0.385 0.013333333333333334 0.04
0 0.5083333333333333 0.43833333333333335 0.015 0.03833333333333333
0 0.49 0.3908333333333333 0.011666666666666667 0.03333333333333333
0 0.49833333333333335 0.435 0.015 0.035
0 0.4866666666666667 0.43833333333333335 0.013333333333333334 0.03833333333333333
0 0.4791666666666667 0.38916666666666666 0.013333333333333334 0.03666666666666667
0 0.47833333333333333 0.4425 0.016666666666666666 0.043333333333333335
0 0.4666666666666667 0.44416666666666665 0.016666666666666666 0.04
0 0.47 0.39666666666666667 0.013333333333333334 0.028333333333333332
0 0.4575 0.4425 0.011666666666666667 0.03666666666666667
0 0.44666666666666666 0.45 0.016666666666666666 0.041666666666666664
0 0.44916666666666666 0.3975 0.011666666666666667 0.03333333333333333
0 0.43916666666666665 0.3983333333333333 0.011666666666666667 0.03166666666666667
0 0.4266666666666667 0.44666666666666666 0.01 0.02666666666666667
0 0.4083333333333333 0.39916666666666667 0.016666666666666666 0.041666666666666664
0 0.41583333333333333 0.4533333333333333 0.016666666666666666 0.045
0 0.405 0.4533333333333333 0.015 0.04
0 0.3875 0.4041666666666667 0.016666666666666666 0.043333333333333335
0 0.37583333333333335 0.4066666666666667 0.013333333333333334 0.03833333333333333
0 0.395 0.4583333333333333 0.016666666666666666 0.045
0 0.38333333333333336 0.45666666666666667 0.013333333333333334 0.03666666666666667
0 0.3725 0.46166666666666667 0.016666666666666666 0.045
0 0.36333333333333334 0.4583333333333333 0.015 0.03833333333333333
0 0.35083333333333333 0.4625 0.016666666666666666 0.04666666666666667
0 0.3408333333333333 0.4633333333333333 0.015 0.03833333333333333
0 0.3433333333333333 0.41333333333333333 0.013333333333333334 0.03333333333333333
0 0.32166666666666666 0.4191666666666667 0.01 0.02666666666666667
0 0.33 0.4633333333333333 0.013333333333333334 0.035
0 0.31833333333333336 0.4666666666666667 0.013333333333333334 0.03833333333333333
0 0.30833333333333335 0.4708333333333333 0.016666666666666666 0.045
0 0.2991666666666667 0.4716666666666667 0.015 0.043333333333333335
0 0.2791666666666667 0.4708333333333333 0.013333333333333334 0.03666666666666667
0 0.26666666666666666 0.4775 0.016666666666666666 0.045
0 0.25 0.43083333333333335 0.011666666666666667 0.028333333333333332
0 0.24666666666666667 0.4766666666666667 0.013333333333333334 0.03166666666666667
0 0.21916666666666668 0.43083333333333335 0.011666666666666667 0.03333333333333333
0 0.20666666666666667 0.48333333333333334 0.011666666666666667 0.03666666666666667
0 0.19583333333333333 0.4841666666666667 0.01 0.023333333333333334
0 0.18916666666666668 0.43416666666666665 0.016666666666666666 0.04666666666666667
0 0.15666666666666668 0.43666666666666665 0.01 0.023333333333333334
0 0.15583333333333332 0.4925 0.013333333333333334 0.03166666666666667
0 0.1375 0.44333333333333336 0.013333333333333334 0.03833333333333333
0 0.145 0.4866666666666667 0.01 0.025
0 0.13666666666666666 0.49416666666666664 0.016666666666666666 0.043333333333333335
0 0.12833333333333333 0.445 0.013333333333333334 0.03833333333333333
0 0.11583333333333333 0.49833333333333335 0.013333333333333334 0.03833333333333333
0 0.1175 0.44666666666666666 0.016666666666666666 0.041666666666666664
0 0.09583333333333334 0.485 0.008333333333333333 0.013333333333333334
0 0.105 0.5033333333333333 0.013333333333333334 0.035
0 0.049166666666666664 0.6633333333333333 0.005 0.008333333333333333
0 0.06 0.6791666666666667 0.016666666666666666 0.041666666666666664
0 0.05 0.685 0.016666666666666666 0.04833333333333333
0 0.0375 0.6866666666666666 0.016666666666666666 0.04833333333333333
0 0.03 0.6258333333333334 0.018333333333333333 0.04666666666666667
0 0.085 0.5058333333333334 0.011666666666666667 0.03333333333333333
0 0.06333333333333334 0.5091666666666667 0.016666666666666666 0.04833333333333333
0 0.041666666666666664 0.5083333333333333 0.013333333333333334 0.035
0 0.030833333333333334 0.5075 0.01 0.02666666666666667
0 0.021666666666666667 0.5133333333333333 0.016666666666666666 0.041666666666666664
0 0.009166666666666667 0.5125 0.013333333333333334 0.03666666666666667
0 0.015 0.47 0.013333333333333334 0.03166666666666667
0 0.004166666666666667 0.505 0.008333333333333333 0.08
0 0.2841666666666667 0.9883333333333333 0.018333333333333333 0.02
0 0.3258333333333333 0.83 0.011666666666666667 0.028333333333333332
0 0.3 0.83 0.015 0.03166666666666667
0 0.2758333333333333 0.8366666666666667 0.015 0.03166666666666667
0 0.24916666666666668 0.8466666666666667 0.016666666666666666 0.041666666666666664
0 0.1875 0.8625 0.02 0.051666666666666666
0 0.16416666666666666 0.8566666666666667 0.015 0.03833333333333333
0 0.13833333333333334 0.8766666666666667 0.021666666666666667 0.058333333333333334
0 0.07833333333333334 0.9441666666666667 0.041666666666666664 0.06166666666666667
0 0.015833333333333335 0.8783333333333333 0.03 0.045
0 0.9533333333333334 0.6708333333333333 0.09 0.20166666666666666