0 0.2675 0.06916666666666667 0.21833333333333332 0.13833333333333334
0 0.7666666666666667 0.5091666666666667 0.29 0.29
0 0.24333333333333335 0.8541666666666666 0.16166666666666665 0.15333333333333332
0 0.8575 0.9866666666666667 0.08833333333333333 0.023333333333333334
0 0.8608333333333333 0.9741666666666666 0.095 0.04833333333333333
0 0.8783333333333333 0.9233333333333333 0.075 0.04
0 0.8616666666666667 0.9058333333333334 0.10666666666666667 0.051666666666666666
0 0.8858333333333334 0.875 0.06833333333333333 0.03166666666666667
0 0.8716666666666667 0.8566666666666667 0.10333333333333333 0.05
0 0.8916666666666667 0.8275 0.07833333333333334 0.035
0 0.8866666666666667 0.8108333333333333 0.06166666666666667 0.028333333333333332
0 0.6875 0.985 0.055 0.02666666666666667
0 0.6891666666666667 0.9708333333333333 0.045 0.023333333333333334
0 0.69 0.9533333333333334 0.04833333333333333 0.025
0 0.6908333333333333 0.9375 0.056666666666666664 0.03
0 0.6991666666666667 0.8541666666666666 0.05 0.025
0 0.6191666666666666 0.9733333333333334 0.058333333333333334 0.05
0 0.6225 0.9325 0.065 0.03833333333333333
0 0.6241666666666666 0.9125 0.06833333333333333 0.03833333333333333
0 0.625 0.8858333333333334 0.07 0.041666666666666664
0 0.6233333333333333 0.8625 0.06666666666666667 0.035
0 0.7025 0.8375 0.056666666666666664 0.02666666666666667
0 0.6925 0.8233333333333334 0.05 0.025
0 0.8841666666666667 0.7816666666666666 0.07166666666666667 0.03333333333333333
0 0.88 0.7625 0.08833333333333333 0.04
0 0.8716666666666667 0.7383333333333333 0.07 0.03166666666666667
0 0.8491666666666666 0.7233333333333334 0.10833333333333334 0.043333333333333335
0 0.8566666666666667 0.6966666666666667 0.075 0.03333333333333333
0 0.8583333333333333 0.6758333333333333 0.06666666666666667 0.03166666666666667
0 0.8233333333333334 0.6733333333333333 0.11 0.02666666666666667
0 0.6891666666666667 0.7916666666666666 0.04833333333333333 0.025
0 0.6225 0.8391666666666666 0.065 0.041666666666666664
0 0.6116666666666667 0.7941666666666667 0.043333333333333335 0.035
0 0.68 0.7616666666666667 0.045 0.023333333333333334
0 0.68 0.7433333333333333 0.055 0.02666666666666667
0 0.6725 0.73 0.055 0.02666666666666667
0 0.6508333333333334 0.7033333333333334 0.03666666666666667 0.02
0 0.6108333333333333 0.7741666666666667 0.041666666666666664 0.041666666666666664
0 0.61 0.7525 0.04 0.051666666666666666
0 0.6341666666666667 0.675 0.04666666666666667 0.023333333333333334
0 0.6316666666666667 0.6691666666666667 0.05333333333333334 0.018333333333333333