0 0.815 0.04 0.13333333333333333 0.08
0 0.66 0.32166666666666666 0.11333333333333333 0.21333333333333335
0 0.11166666666666666 0.49833333333333335 0.025 0.06
0 0.08 0.5216666666666666 0.015 0.03666666666666667
0 0.06916666666666667 0.5191666666666667 0.02 0.05
0 0.09583333333333334 0.56 0.016666666666666666 0.03833333333333333
0 0.08666666666666667 0.5633333333333334 0.016666666666666666 0.03833333333333333
0 0.06416666666666666 0.5758333333333333 0.021666666666666667 0.045
0 0.056666666666666664 0.5233333333333333 0.021666666666666667 0.051666666666666666
0 0.004166666666666667 0.555 0.008333333333333333 0.05333333333333334
0 0.0033333333333333335 0.615 0.006666666666666667 0.05
0 0.93 0.5141666666666667 0.13666666666666666 0.13166666666666665