0 0.21916666666666668 0.15166666666666667 0.3 0.25666666666666665
0 0.7541666666666667 0.3925 0.021666666666666667 0.011666666666666667
0 0.7316666666666667 0.3933333333333333 0.02666666666666667 0.01
0 0.5475 0.36583333333333334 0.095 0.058333333333333334
0 0.7491666666666666 0.3016666666666667 0.015 0.016666666666666666
0 0.6758333333333333 0.3425 0.12 0.04833333333333333
0 0.685 0.3075 0.12 0.045
0 0.5733333333333334 0.325 0.095 0.035
0 0.5125 0.33666666666666667 0.025 0.05
0 0.5658333333333333 0.25083333333333335 0.13166666666666665 0.065
0 0.5816666666666667 0.20166666666666666 0.16333333333333333 0.09
0 0.6466666666666666 0.11583333333333333 0.11 0.043333333333333335
0 0.525 0.145 0.05 0.06
0 0.5108333333333334 0.0975 0.021666666666666667 0.041666666666666664
0 0.5258333333333334 0.09166666666666666 0.025 0.035
0 0.55 0.09 0.025 0.03666666666666667
0 0.5733333333333334 0.0875 0.021666666666666667 0.03333333333333333
0 0.5991666666666666 0.0775 0.03166666666666667 0.045
0 0.6216666666666667 0.0775 0.025 0.035
0 0.645 0.07416666666666667 0.025 0.04
0 0.6725 0.07 0.023333333333333334 0.03166666666666667
0 0.7083333333333334 0.07083333333333333 0.041666666666666664 0.058333333333333334
0 0.6433333333333333 0.015 0.07333333333333333 0.028333333333333332
0 0.525 0.03 0.05 0.023333333333333334
0 0.555 0.0125 0.11 0.025
0 0.9633333333333334 0.22916666666666666 0.03833333333333333 0.055
0 0.9858333333333333 0.22583333333333333 0.025 0.058333333333333334
0 0.9366666666666666 0.1575 0.105 0.04
0 0.13166666666666665 0.7408333333333333 0.2633333333333333 0.2783333333333333
0 0.7758333333333334 0.7058333333333333 0.24 0.22333333333333333