0 0.25916666666666666 0.7408333333333333 0.035 0.14
0 0.9433333333333334 0.61 0.08666666666666667 0.03833333333333333
0 0.9691666666666666 0.6475 0.03333333333333333 0.018333333333333333
0 0.9225 0.645 0.03166666666666667 0.018333333333333333
0 0.9225 0.6675 0.03333333333333333 0.023333333333333334
0 0.9233333333333333 0.6941666666666667 0.03166666666666667 0.02
0 0.9675 0.6958333333333333 0.035 0.021666666666666667
0 0.9683333333333334 0.7166666666666667 0.035 0.021666666666666667
0 0.925 0.7158333333333333 0.025 0.016666666666666666
0 0.9208333333333333 0.74 0.03166666666666667 0.018333333333333333
0 0.9675 0.7416666666666667 0.035 0.018333333333333333
0 0.9641666666666666 0.7625 0.03166666666666667 0.018333333333333333
0 0.9216666666666666 0.7608333333333334 0.035 0.018333333333333333
0 0.9191666666666667 0.785 0.035 0.018333333333333333
0 0.9633333333333334 0.7866666666666666 0.028333333333333332 0.016666666666666666
0 0.9208333333333333 0.8066666666666666 0.028333333333333332 0.016666666666666666
0 0.965 0.8091666666666667 0.03 0.018333333333333333
0 0.9608333333333333 0.83 0.025 0.016666666666666666
0 0.9225 0.8291666666666667 0.028333333333333332 0.018333333333333333
0 0.92 0.8516666666666667 0.035 0.018333333333333333
0 0.9658333333333333 0.8508333333333333 0.03666666666666667 0.023333333333333334
0 0.9633333333333334 0.8758333333333334 0.03 0.018333333333333333
0 0.9175 0.8758333333333334 0.035 0.021666666666666667
0 0.9216666666666666 0.8975 0.03 0.016666666666666666
0 0.9483333333333334 0.895 0.006666666666666667 0.016666666666666666
0 0.9658333333333333 0.8991666666666667 0.03166666666666667 0.02
0 0.965 0.9241666666666667 0.035 0.021666666666666667
0 0.92 0.9183333333333333 0.025 0.016666666666666666
0 0.9333333333333333 0.9691666666666666 0.006666666666666667 0.015
0 0.9158333333333334 0.965 0.028333333333333332 0.018333333333333333
0 0.9633333333333334 0.97 0.03166666666666667 0.02
0 0.9608333333333333 0.99 0.03166666666666667 0.02
0 0.8466666666666667 0.94 0.03 0.015
0 0.8475 0.9616666666666667 0.028333333333333332 0.018333333333333333
0 0.8466666666666667 0.9858333333333333 0.03 0.016666666666666666
0 0.8458333333333333 0.9166666666666666 0.03166666666666667 0.018333333333333333
0 0.8466666666666667 0.8925 0.035 0.02
0 0.8483333333333334 0.8708333333333333 0.028333333333333332 0.02
0 0.8466666666666667 0.8483333333333334 0.03166666666666667 0.016666666666666666
0 0.85 0.8258333333333333 0.03333333333333333 0.02
0 0.8475 0.8025 0.03666666666666667 0.02
0 0.8483333333333334 0.7791666666666667 0.03 0.018333333333333333
0 0.8483333333333334 0.7566666666666667 0.03 0.018333333333333333
0 0.8491666666666666 0.7333333333333333 0.03 0.018333333333333333
0 0.8508333333333333 0.7108333333333333 0.03166666666666667 0.02
0 0.8508333333333333 0.69 0.03333333333333333 0.016666666666666666
0 0.85 0.6658333333333334 0.03666666666666667 0.018333333333333333
0 0.8508333333333333 0.6425 0.03333333333333333 0.02
0 0.8483333333333334 0.6141666666666666 0.035 0.023333333333333334
0 0.8058333333333333 0.64 0.028333333333333332 0.015
0 0.8075 0.6633333333333333 0.035 0.02
0 0.8091666666666667 0.6891666666666667 0.023333333333333334 0.016666666666666666
0 0.8066666666666666 0.7116666666666667 0.03 0.018333333333333333
0 0.8083333333333333 0.7358333333333333 0.03 0.021666666666666667
0 0.8091666666666667 0.7558333333333334 0.03 0.016666666666666666
0 0.8058333333333333 0.7791666666666667 0.03166666666666667 0.018333333333333333
0 0.8058333333333333 0.8008333333333333 0.028333333333333332 0.018333333333333333
0 0.8058333333333333 0.8233333333333334 0.03333333333333333 0.023333333333333334
0 0.8066666666666666 0.845 0.03 0.02
0 0.8041666666666667 0.87 0.028333333333333332 0.018333333333333333
0 0.8058333333333333 0.8916666666666667 0.03 0.02
0 0.8058333333333333 0.915 0.028333333333333332 0.02
0 0.8066666666666666 0.9375 0.02666666666666667 0.018333333333333333
0 0.8016666666666666 0.9583333333333334 0.03333333333333333 0.021666666666666667
0 0.8 0.9825 0.03666666666666667 0.018333333333333333
0 0.73 0.8791666666666667 0.03 0.17166666666666666
0 0.7058333333333333 0.63 0.015 0.013333333333333334
0 0.7341666666666666 0.7083333333333334 0.03 0.115
0 0.7016666666666667 0.6941666666666667 0.02666666666666667 0.115
0 0.7008333333333333 0.8066666666666666 0.02 0.095
0 0.6958333333333333 0.9175 0.028333333333333332 0.11666666666666667
0 0.6241666666666666 0.8191666666666667 0.03833333333333333 0.16166666666666665
0 0.5816666666666667 0.9641666666666666 0.018333333333333333 0.018333333333333333
0 0.5725 0.8266666666666667 0.05 0.25333333333333335
0 0.5058333333333334 0.7016666666666667 0.028333333333333332 0.10666666666666667
0 0.5066666666666667 0.8775 0.035 0.14666666666666667
0 0.4658333333333333 0.9441666666666667 0.02666666666666667 0.018333333333333333
0 0.47 0.9241666666666667 0.025 0.018333333333333333
0 0.4683333333333333 0.8591666666666666 0.023333333333333334 0.018333333333333333
0 0.465 0.8366666666666667 0.03666666666666667 0.023333333333333334
0 0.4633333333333333 0.8175 0.03166666666666667 0.021666666666666667
0 0.465 0.7933333333333333 0.035 0.02
0 0.4666666666666667 0.77 0.03166666666666667 0.018333333333333333
0 0.4608333333333333 0.7425 0.041666666666666664 0.025
0 0.46416666666666667 0.7208333333333333 0.03166666666666667 0.02
0 0.465 0.6966666666666667 0.03666666666666667 0.02
0 0.465 0.6691666666666667 0.028333333333333332 0.018333333333333333
0 0.4708333333333333 0.6341666666666667 0.055 0.03333333333333333
0 0.4058333333333333 0.6891666666666667 0.016666666666666666 0.07166666666666667
0 0.40166666666666667 0.8125 0.013333333333333334 0.055
0 0.37333333333333335 0.7941666666666667 0.02666666666666667 0.145
0 0.35333333333333333 0.86 0.011666666666666667 0.05
0 0.3416666666666667 0.8533333333333334 0.016666666666666666 0.07333333333333333
0 0.32166666666666666 0.8633333333333333 0.015 0.06
0 0.2966666666666667 0.8141666666666667 0.03166666666666667 0.18
0 0.2916666666666667 0.6941666666666667 0.013333333333333334 0.04833333333333333
0 0.2075 0.8933333333333333 0.13 0.041666666666666664
0 0.2275 0.9391666666666667 0.135 0.05333333333333334
0 0.6675 0.4066666666666667 0.051666666666666666 0.03166666666666667
0 0.6683333333333333 0.37916666666666665 0.05333333333333334 0.02666666666666667
0 0.5925 0.4216666666666667 0.023333333333333334 0.10333333333333333
0 0.36 0.41583333333333333 0.02666666666666667 0.17
0 0.3358333333333333 0.41083333333333333 0.025 0.12666666666666668