0 0.5133333333333333 0.08083333333333333 0.25 0.16166666666666665
0 0.8858333333333334 0.14416666666666667 0.19 0.1
0 0.020833333333333332 0.75 0.041666666666666664 0.03
0 0.0125 0.825 0.025 0.02666666666666667
0 0.15 0.7983333333333333 0.03333333333333333 0.025
0 0.26 0.7916666666666666 0.041666666666666664 0.028333333333333332
0 0.3425 0.83 0.051666666666666666 0.02
0 0.42333333333333334 0.6825 0.055 0.03833333333333333
0 0.6208333333333333 0.7716666666666666 0.035 0.03
0 0.5883333333333334 0.95 0.03833333333333333 0.02666666666666667
0 0.9725 0.8108333333333333 0.051666666666666666 0.10833333333333334