0 0.31083333333333335 0.18416666666666667 0.31666666666666665 0.24333333333333335
0 0.7808333333333334 0.5025 0.3416666666666667 0.17166666666666666
0 0.5508333333333333 0.3308333333333333 0.14166666666666666 0.275
0 0.6075 0.05583333333333333 0.255 0.11166666666666666
0 0.11083333333333334 0.8025 0.06666666666666667 0.06666666666666667
0 0.15916666666666668 0.7858333333333334 0.08166666666666667 0.09
0 0.2225 0.7708333333333334 0.06666666666666667 0.06666666666666667
0 0.3458333333333333 0.7341666666666666 0.08 0.08
0 0.39416666666666667 0.7075 0.085 0.085
0 0.4575 0.7058333333333333 0.041666666666666664 0.065
0 0.515 0.9275 0.07 0.14166666666666666