0 0.0925 0.43333333333333335 0.105 0.29333333333333333
0 0.955 0.6883333333333334 0.04 0.02
0 0.94 0.6858333333333333 0.03 0.025
0 0.9183333333333333 0.6683333333333333 0.028333333333333332 0.028333333333333332
0 0.8983333333333333 0.6383333333333333 0.035 0.035
0 0.8866666666666667 0.6258333333333334 0.028333333333333332 0.028333333333333332
0 0.8733333333333333 0.6033333333333334 0.028333333333333332 0.03
0 0.8675 0.6583333333333333 0.018333333333333333 0.018333333333333333
0 0.8791666666666667 0.675 0.021666666666666667 0.021666666666666667
0 0.8116666666666666 0.6908333333333333 0.023333333333333334 0.015
0 0.7983333333333333 0.6758333333333333 0.021666666666666667 0.021666666666666667
0 0.7866666666666666 0.6558333333333334 0.023333333333333334 0.025
0 0.7725 0.64 0.023333333333333334 0.025
0 0.7675 0.6258333333333334 0.028333333333333332 0.028333333333333332
0 0.7541666666666667 0.6158333333333333 0.03 0.03166666666666667
0 0.7716666666666666 0.6 0.01 0.013333333333333334
0 0.645 0.565 0.006666666666666667 0.008333333333333333
0 0.6433333333333333 0.5625 0.01 0.01
0 0.6391666666666667 0.5533333333333333 0.01 0.011666666666666667
0 0.6291666666666667 0.58 0.023333333333333334 0.021666666666666667
0 0.6316666666666667 0.5983333333333334 0.01 0.011666666666666667
0 0.6383333333333333 0.6066666666666667 0.013333333333333334 0.013333333333333334
0 0.6441666666666667 0.6183333333333333 0.015 0.013333333333333334
0 0.6516666666666666 0.6433333333333333 0.01 0.01
0 0.6591666666666667 0.655 0.01 0.011666666666666667
0 0.6875 0.6608333333333334 0.051666666666666666 0.075
0 0.4875 0.8691666666666666 0.08166666666666667 0.065
0 0.13 0.9808333333333333 0.08666666666666667 0.035
0 0.8716666666666667 0.785 0.09666666666666666 0.17