0 0.20166666666666666 0.41 0.27666666666666667 0.43666666666666665
0 0.9466666666666667 0.3458333333333333 0.05333333333333334 0.058333333333333334
0 0.9908333333333333 0.42916666666666664 0.015 0.016666666666666666
0 0.9608333333333333 0.5883333333333334 0.028333333333333332 0.028333333333333332
0 0.9483333333333334 0.5766666666666667 0.04666666666666667 0.04666666666666667
0 0.9375 0.565 0.045 0.045
0 0.92 0.5608333333333333 0.03333333333333333 0.035
0 0.8941666666666667 0.5466666666666666 0.03166666666666667 0.03166666666666667
0 0.8658333333333333 0.5241666666666667 0.04 0.04
0 0.8508333333333333 0.515 0.03166666666666667 0.03166666666666667
0 0.8316666666666667 0.4975 0.03333333333333333 0.03333333333333333
0 0.8425 0.5516666666666666 0.02 0.02
0 0.8591666666666666 0.5641666666666667 0.025 0.025
0 0.8925 0.5891666666666666 0.016666666666666666 0.016666666666666666
0 0.9441666666666667 0.6225 0.018333333333333333 0.011666666666666667
0 0.8366666666666667 0.6266666666666667 0.013333333333333334 0.0033333333333333335
0 0.845 0.625 0.02666666666666667 0.006666666666666667
0 0.8258333333333333 0.6191666666666666 0.028333333333333332 0.018333333333333333
0 0.8 0.6025 0.025 0.025
0 0.7816666666666666 0.5891666666666666 0.025 0.025
0 0.765 0.5725 0.02666666666666667 0.028333333333333332
0 0.7466666666666667 0.5616666666666666 0.02666666666666667 0.028333333333333332
0 0.7375 0.55 0.03166666666666667 0.03166666666666667
0 0.7216666666666667 0.5441666666666667 0.035 0.03666666666666667
0 0.7341666666666666 0.5241666666666667 0.013333333333333334 0.015
0 0.6025 0.5283333333333333 0.008333333333333333 0.01
0 0.6 0.5258333333333334 0.011666666666666667 0.011666666666666667
0 0.5933333333333334 0.5183333333333333 0.013333333333333334 0.013333333333333334
0 0.5916666666666667 0.5466666666666666 0.02666666666666667 0.025
0 0.5991666666666666 0.5633333333333334 0.013333333333333334 0.013333333333333334
0 0.6083333333333333 0.5691666666666667 0.016666666666666666 0.016666666666666666
0 0.6166666666666667 0.5791666666666667 0.018333333333333333 0.016666666666666666
0 0.6316666666666667 0.6008333333333333 0.011666666666666667 0.011666666666666667
0 0.6425 0.6091666666666666 0.013333333333333334 0.013333333333333334
0 0.6716666666666666 0.5975 0.06666666666666667 0.06166666666666667
0 0.695 0.9183333333333333 0.075 0.06