0 0.44166666666666665 0.20166666666666666 0.05333333333333334 0.23666666666666666
0 0.54 0.004166666666666667 0.14 0.008333333333333333
0 0.4741666666666667 0.5741666666666667 0.008333333333333333 0.03166666666666667
0 0.49083333333333334 0.5741666666666667 0.018333333333333333 0.03
0 0.5133333333333333 0.5766666666666667 0.018333333333333333 0.03
0 0.5358333333333334 0.5791666666666667 0.021666666666666667 0.03333333333333333
0 0.5566666666666666 0.58 0.018333333333333333 0.03333333333333333
0 0.5808333333333333 0.5808333333333333 0.02 0.03833333333333333
0 0.6041666666666666 0.5825 0.021666666666666667 0.035
0 0.6325 0.5816666666666667 0.025 0.035
0 0.6091666666666666 0.5383333333333333 0.016666666666666666 0.028333333333333332
0 0.5858333333333333 0.5383333333333333 0.021666666666666667 0.035
0 0.56 0.5391666666666667 0.018333333333333333 0.025
0 0.5375 0.535 0.02 0.03166666666666667
0 0.5133333333333333 0.5358333333333334 0.021666666666666667 0.03166666666666667
0 0.49333333333333335 0.535 0.018333333333333333 0.03
0 0.47583333333333333 0.5308333333333334 0.011666666666666667 0.035
0 0.6241666666666666 0.43833333333333335 0.013333333333333334 0.015
0 0.545 0.4633333333333333 0.11833333333333333 0.03666666666666667
0 0.5608333333333333 0.43083333333333335 0.11833333333333333 0.03333333333333333
0 0.48333333333333334 0.425 0.02666666666666667 0.02666666666666667
0 0.49583333333333335 0.3475 0.051666666666666666 0.04833333333333333
0 0.5166666666666667 0.29583333333333334 0.09333333333333334 0.065
0 0.5633333333333334 0.235 0.10833333333333334 0.03166666666666667
0 0.47833333333333333 0.19 0.016666666666666666 0.03666666666666667
0 0.4975 0.1925 0.018333333333333333 0.03166666666666667
0 0.525 0.18833333333333332 0.02666666666666667 0.043333333333333335
0 0.5466666666666666 0.1925 0.021666666666666667 0.03333333333333333
0 0.5708333333333333 0.195 0.021666666666666667 0.03833333333333333
0 0.5975 0.19583333333333333 0.02 0.03
0 0.6325 0.20416666666666666 0.03666666666666667 0.055
0 0.5808333333333333 0.13583333333333333 0.07166666666666667 0.02
0 0.47833333333333333 0.12583333333333332 0.016666666666666666 0.018333333333333333
0 0.5116666666666667 0.09833333333333333 0.08333333333333333 0.03666666666666667
0 0.5116666666666667 0.021666666666666667 0.08333333333333333 0.043333333333333335
0 0.5816666666666667 0.021666666666666667 0.04833333333333333 0.016666666666666666
0 0.8491666666666666 0.4125 0.03333333333333333 0.05333333333333334
0 0.8766666666666667 0.4141666666666667 0.03 0.055
0 0.8383333333333334 0.33666666666666667 0.105 0.028333333333333332
0 0.8566666666666667 0.105 0.17166666666666666 0.035
0 0.8625 0.08083333333333333 0.12833333333333333 0.03166666666666667
0 0.23666666666666666 0.945 0.3933333333333333 0.10666666666666667
0 0.8825 0.8625 0.23166666666666666 0.27166666666666667