0 0.5383333333333333 0.17666666666666667 0.13666666666666666 0.11666666666666667
0 0.24083333333333334 0.925 0.008333333333333333 0.008333333333333333
0 0.205 0.9041666666666667 0.008333333333333333 0.008333333333333333
0 0.17833333333333334 0.8875 0.008333333333333333 0.008333333333333333
0 0.15083333333333335 0.8133333333333334 0.008333333333333333 0.01
0 0.12166666666666667 0.7633333333333333 0.01 0.008333333333333333
0 0.10083333333333333 0.73 0.01 0.008333333333333333
0 0.1375 0.605 0.016666666666666666 0.015
0 0.10916666666666666 0.6366666666666667 0.013333333333333334 0.013333333333333334
0 0.11 0.675 0.008333333333333333 0.01
0 0.065 0.6733333333333333 0.008333333333333333 0.008333333333333333
0 0.055 0.6108333333333333 0.01 0.008333333333333333
0 0.025 0.62 0.008333333333333333 0.008333333333333333
0 0.5525 0.545 0.165 0.13333333333333333