0 0.525 0.3258333333333333 0.32666666666666666 0.16166666666666665
0 0.0925 0.8633333333333333 0.185 0.18
0 0.83 0.6316666666666667 0.005 0.008333333333333333
0 0.7491666666666666 0.5858333333333333 0.008333333333333333 0.008333333333333333
0 0.7116666666666667 0.6025 0.008333333333333333 0.008333333333333333
0 0.6825 0.6141666666666666 0.008333333333333333 0.008333333333333333
0 0.6058333333333333 0.5925 0.01 0.008333333333333333
0 0.5483333333333333 0.5866666666666667 0.008333333333333333 0.01
0 0.5091666666666667 0.585 0.008333333333333333 0.01
0 0.43 0.48083333333333333 0.015 0.016666666666666666
0 0.43833333333333335 0.5225 0.013333333333333334 0.013333333333333334
0 0.47 0.545 0.01 0.008333333333333333
0 0.4425 0.5808333333333333 0.008333333333333333 0.008333333333333333
0 0.3858333333333333 0.5516666666666666 0.008333333333333333 0.01
0 0.37583333333333335 0.5808333333333333 0.008333333333333333 0.008333333333333333
0 0.335 0.6025 0.008333333333333333 0.01
0 0.22333333333333333 0.5241666666666667 0.016666666666666666 0.02