0 0.18717447916666666 0.9702083333333333 0.09114583333333333 0.05960648148148148
0 0.29704427083333335 0.8753009259259259 0.060221354166666664 0.05497685185185185
0 0.6819661458333334 0.8666203703703703 0.15950520833333334 0.11863425925925926
0 0.11640625 0.8973148148148148 0.02338541666666667 0.041574074074074076
0 0.10013020833333335 0.8322453703703703 0.0416796875 0.03796296296296296
0 0.05489583333333333 0.7310416666666667 0.028463541666666665 0.0343287037037037
0 0.0437109375 0.6081481481481482 0.018294270833333334 0.02349537037037037
0 0.2856640625 0.7897916666666667 0.0366015625 0.04337962962962963
0 0.2566927083333333 0.7247222222222222 0.025416666666666667 0.028912037037037038
0 0.18522135416666666 0.7180324074074074 0.02171875 0.03131944444444444
0 0.21897135416666666 0.6867361111111111 0.030520833333333334 0.03131944444444444
0 0.11770833333333335 0.6183796296296296 0.017018229166666666 0.02400462962962963
0 0.1846354166666667 0.6287962962962963 0.018203125 0.02400462962962963
0 0.3672005208333333 0.6256712962962964 0.0416796875 0.03025462962962963
0 0.2630078125 0.5724537037037037 0.023476562500000003 0.021921296296296296
0 0.15908854166666667 0.5776620370370371 0.0176171875 0.013564814814814816
0 0.07748697916666666 0.5761111111111111 0.0176171875 0.025046296296296296
0 0.1711328125 0.5359259259259259 0.015846354166666667 0.021921296296296296
0 0.21192708333333332 0.5515740740740741 0.0199609375 0.011481481481481481
0 0.378359375 0.5703703703703704 0.029934895833333332 0.03025462962962963
0 0.4693489583333333 0.5849768518518519 0.056940104166666665 0.034444444444444444
0 0.5060416666666666 0.6209722222222221 0.0434375 0.02921296296296296
0 0.704765625 0.734212962962963 0.11212239583333333 0.06784722222222223
0 0.8342057291666666 0.7075925925925927 0.1044921875 0.054259259259259264
0 0.7708072916666667 0.6554166666666666 0.0633984375 0.035486111111111114
0 0.8553515625 0.5578472222222223 0.030520833333333334 0.019837962962962963
0 0.78578125 0.5620138888888889 0.0381640625 0.028171296296296295
0 0.7123958333333333 0.5766203703703704 0.0381640625 0.026087962962962962
0 0.673359375 0.6016666666666667 0.050481770833333335 0.026087962962962962
0 0.42092447916666664 0.6940277777777778 0.039921875 0.033402777777777774
0 0.5897005208333334 0.6684722222222221 0.059296875 0.02400462962962963
0 0.5808984375 0.6449768518518518 0.027591145833333334 0.022962962962962963
0 0.5421484375 0.5766203703703704 0.04520833333333333 0.026087962962962962
0 0.4532161458333333 0.5463657407407407 0.03522135416666667 0.019837962962962963
0 0.30527343749999997 0.5281018518518518 0.030520833333333334 0.016689814814814814
0 0.264765625 0.5374768518518519 0.028177083333333335 0.02087962962962963
0 0.20841145833333333 0.5317361111111111 0.024661458333333334 0.019837962962962963