0 0.3173828125 0.3974609375 0.017578125 0.017578125
0 0.3408203125 0.4638671875 0.017578125 0.013671875
0 0.4404296875 0.4775390625 0.013671875 0.025390625
0 0.3349609375 0.5283203125 0.017578125 0.013671875
0 0.3681640625 0.568359375 0.017578125 0.015625
0 0.4375 0.6728515625 0.015625 0.021484375
0 0.3232421875 0.6787109375 0.013671875 0.025390625
0 0.3037109375 0.5732421875 0.017578125 0.021484375
0 0.2294921875 0.5869140625 0.013671875 0.013671875
0 0.1650390625 0.6669921875 0.017578125 0.021484375
0 0.1728515625 0.568359375 0.013671875 0.01171875
0 0.1591796875 0.560546875 0.013671875 0.0234375
0 0.1630859375 0.5087890625 0.021484375 0.017578125
0 0.1904296875 0.4873046875 0.013671875 0.017578125
0 0.1904296875 0.4619140625 0.013671875 0.013671875
0 0.279296875 0.4375 0.01953125 0.01171875