0 0.1298828125 0.138671875 0.017578125 0.02734375
0 0.0517578125 0.2529296875 0.013671875 0.013671875
0 0.1279296875 0.2294921875 0.013671875 0.013671875
0 0.140625 0.2099609375 0.01171875 0.017578125
0 0.1533203125 0.1787109375 0.013671875 0.017578125
0 0.1923828125 0.171875 0.017578125 0.01171875
0 0.2431640625 0.15625 0.013671875 0.01953125
0 0.265625 0.1337890625 0.01171875 0.017578125
0 0.2607421875 0.0986328125 0.013671875 0.009765625
0 0.2763671875 0.080078125 0.017578125 0.0078125
0 0.3037109375 0.1025390625 0.017578125 0.017578125
0 0.3330078125 0.1005859375 0.013671875 0.013671875
0 0.326171875 0.1279296875 0.0078125 0.013671875
0 0.2724609375 0.1162109375 0.009765625 0.009765625
0 0.3525390625 0.1279296875 0.009765625 0.013671875
0 0.3779296875 0.1474609375 0.013671875 0.017578125
0 0.3466796875 0.1494140625 0.013671875 0.013671875
0 0.3642578125 0.169921875 0.013671875 0.0078125
0 0.3857421875 0.1962890625 0.013671875 0.017578125
0 0.40625 0.2119140625 0.0078125 0.013671875
0 0.4306640625 0.2236328125 0.013671875 0.017578125
0 0.390625 0.2744140625 0.01171875 0.013671875
0 0.3857421875 0.2392578125 0.013671875 0.013671875
0 0.3544921875 0.2099609375 0.013671875 0.017578125
0 0.3330078125 0.1767578125 0.013671875 0.013671875
0 0.2919921875 0.1669921875 0.013671875 0.013671875
0 0.265625 0.1826171875 0.01171875 0.017578125
0 0.3125 0.201171875 0.01953125 0.0078125
0 0.3056640625 0.2255859375 0.013671875 0.013671875
0 0.3466796875 0.2314453125 0.013671875 0.017578125
0 0.3349609375 0.25 0.017578125 0.01953125
0 0.3720703125 0.2607421875 0.013671875 0.013671875
0 0.3623046875 0.2861328125 0.017578125 0.017578125
0 0.3369140625 0.3173828125 0.013671875 0.017578125
0 0.3037109375 0.28125 0.017578125 0.01953125
0 0.28125 0.2607421875 0.01953125 0.013671875
0 0.2470703125 0.2216796875 0.013671875 0.013671875
0 0.21875 0.1962890625 0.01953125 0.017578125
0 0.1611328125 0.2470703125 0.017578125 0.013671875
0 0.21875 0.2587890625 0.01953125 0.017578125
0 0.25 0.2880859375 0.01953125 0.021484375
0 0.28125 0.3125 0.01953125 0.01953125
0 0.326171875 0.3505859375 0.0078125 0.013671875
0 0.3017578125 0.400390625 0.021484375 0.03125
0 0.2548828125 0.3662109375 0.017578125 0.017578125
0 0.2744140625 0.421875 0.013671875 0.01171875
0 0.2216796875 0.326171875 0.013671875 0.0078125
0 0.1845703125 0.2880859375 0.013671875 0.013671875
0 0.1201171875 0.265625 0.017578125 0.03125
0 0.109375 0.2919921875 0.0234375 0.021484375
0 0.0869140625 0.3125 0.021484375 0.02734375
0 0.126953125 0.3662109375 0.0234375 0.025390625
0 0.1455078125 0.33203125 0.021484375 0.03125
0 0.1669921875 0.3056640625 0.013671875 0.013671875
0 0.1943359375 0.3369140625 0.013671875 0.013671875
0 0.2001953125 0.3779296875 0.017578125 0.013671875
0 0.2255859375 0.408203125 0.021484375 0.0234375
0 0.205078125 0.4755859375 0.03515625 0.041015625
0 0.2587890625 0.4580078125 0.017578125 0.021484375
0 0.2529296875 0.484375 0.013671875 0.0234375
0 0.40625 0.4443359375 0.0078125 0.013671875
0 0.4306640625 0.46875 0.013671875 0.01953125
0 0.453125 0.5048828125 0.01171875 0.017578125
0 0.3818359375 0.4873046875 0.013671875 0.017578125
0 0.359375 0.5224609375 0.01171875 0.017578125
0 0.3212890625 0.5107421875 0.009765625 0.013671875
0 0.3837890625 0.5576171875 0.017578125 0.017578125
0 0.408203125 0.5244140625 0.0234375 0.013671875
0 0.4443359375 0.5595703125 0.021484375 0.013671875
0 0.4775390625 0.5986328125 0.009765625 0.017578125
0 0.5537109375 0.654296875 0.017578125 0.0234375
0 0.4423828125 0.6357421875 0.017578125 0.021484375
0 0.4150390625 0.5888671875 0.017578125 0.017578125
0 0.345703125 0.5830078125 0.0234375 0.021484375
0 0.3974609375 0.67578125 0.025390625 0.03125
0 0.3369140625 0.68359375 0.021484375 0.02734375
0 0.5205078125 0.734375 0.013671875 0.0234375
0 0.4970703125 0.78125 0.013671875 0.01953125
0 0.4619140625 0.8212890625 0.013671875 0.017578125
0 0.42578125 0.9130859375 0.03125 0.041015625
0 0.3798828125 0.3505859375 0.009765625 0.013671875
0 0.4150390625 0.2939453125 0.017578125 0.017578125